2.236592292785644531e+00
1.893689990043640137e+00
2.671325683593750000e+00
2.353878021240234375e+00
2.044322967529296875e+00
1.707475543022155762e+00
2.170896530151367188e+00
2.266292572021484375e+00
2.058870315551757812e+00
2.006210327148437500e+00
1.650440096855163574e+00
1.773956179618835449e+00
1.531020998954772949e+00
2.618670463562011719e+00
2.181772232055664062e+00
2.197106361389160156e+00
1.898910403251647949e+00
2.247150421142578125e+00
1.981265902519226074e+00
1.890760302543640137e+00
1.562269091606140137e+00
1.634315371513366699e+00
1.668401598930358887e+00
1.678048968315124512e+00
1.859344363212585449e+00
1.665798068046569824e+00
1.774265170097351074e+00
2.014719009399414062e+00
2.351772308349609375e+00
2.070425033569335938e+00
1.692409396171569824e+00
2.228129386901855469e+00
1.744478106498718262e+00
1.673053622245788574e+00
1.657438158988952637e+00
2.010286331176757812e+00
1.860545992851257324e+00
1.628558993339538574e+00
1.743738055229187012e+00
2.000532150268554688e+00
1.862157702445983887e+00
1.734977602958679199e+00
1.889913439750671387e+00
1.758722186088562012e+00
1.733837008476257324e+00
1.570705294609069824e+00
1.841869235038757324e+00
1.773431658744812012e+00
1.849056124687194824e+00
2.077875137329101562e+00
2.135583877563476562e+00
1.731197237968444824e+00
1.723981738090515137e+00
1.734317660331726074e+00
1.775497317314147949e+00
1.847802996635437012e+00
1.637622714042663574e+00
1.871389269828796387e+00
1.826274752616882324e+00
1.832319140434265137e+00
2.097545623779296875e+00
2.361555099487304688e+00
2.328453063964843750e+00
2.161522865295410156e+00
2.056612014770507812e+00
1.974084734916687012e+00
1.706035494804382324e+00
1.857498049736022949e+00
1.506307482719421387e+00
1.784410357475280762e+00
2.574533462524414062e+00
2.321537017822265625e+00
2.194812774658203125e+00
2.264541625976562500e+00
2.427928924560546875e+00
2.489912033081054688e+00
2.373716354370117188e+00
2.149119377136230469e+00
2.259423255920410156e+00
2.042778015136718750e+00
2.546731948852539062e+00
2.274587631225585938e+00
2.519772529602050781e+00
1.976255297660827637e+00
2.145158767700195312e+00
2.188554763793945312e+00
2.348426818847656250e+00
2.182172775268554688e+00
2.232916831970214844e+00
2.401584625244140625e+00
2.342439651489257812e+00
2.302868843078613281e+00
2.358298301696777344e+00
2.295828819274902344e+00
2.483535766601562500e+00
2.532543182373046875e+00
2.214691162109375000e+00
2.377614974975585938e+00
2.447688102722167969e+00
2.380981445312500000e+00
2.590156555175781250e+00
2.443697929382324219e+00
2.590822219848632812e+00
2.434589385986328125e+00
2.498767852783203125e+00
2.604039192199707031e+00
2.421675682067871094e+00
2.392372131347656250e+00
2.577178955078125000e+00
2.635703086853027344e+00
2.728346824645996094e+00
2.647471427917480469e+00
2.661255836486816406e+00
2.562725067138671875e+00
2.756066322326660156e+00
2.943878173828125000e+00
2.794435501098632812e+00
2.299283027648925781e+00
2.360363960266113281e+00
2.216106414794921875e+00
3.141597747802734375e+00
2.930899620056152344e+00
2.950700759887695312e+00
3.023977279663085938e+00
2.596790313720703125e+00
3.027494430541992188e+00
2.906581878662109375e+00
2.916849136352539062e+00
2.914433479309082031e+00
2.925302505493164062e+00
3.056840896606445312e+00
2.930412292480468750e+00
2.873263359069824219e+00
2.911252975463867188e+00
2.949195861816406250e+00
2.791091918945312500e+00
2.969707489013671875e+00
2.948740005493164062e+00
2.999450683593750000e+00
2.811911582946777344e+00
3.256763458251953125e+00
3.020677566528320312e+00
3.165719985961914062e+00
2.986579895019531250e+00
2.989264488220214844e+00
3.065891265869140625e+00
3.015899658203125000e+00
3.151468276977539062e+00
2.973813056945800781e+00
3.214769363403320312e+00
3.232919692993164062e+00
3.012531280517578125e+00
3.072847366333007812e+00
3.028393745422363281e+00
3.084794044494628906e+00
3.020400047302246094e+00
2.991630554199218750e+00
3.023953437805175781e+00
2.853908538818359375e+00
2.904444694519042969e+00
3.320811271667480469e+00
3.217393875122070312e+00
3.176419258117675781e+00
3.218610763549804688e+00
3.156442642211914062e+00
3.223593711853027344e+00
3.323822021484375000e+00
3.197409629821777344e+00
3.014123916625976562e+00
3.180028915405273438e+00
3.379367828369140625e+00
3.376008987426757812e+00
3.522829055786132812e+00
3.299959182739257812e+00
3.133419036865234375e+00
3.151868820190429688e+00
3.247761726379394531e+00
3.264620780944824219e+00
3.149973869323730469e+00
3.349901199340820312e+00
3.469305992126464844e+00
3.351104736328125000e+00
3.320377349853515625e+00
3.432817459106445312e+00
3.354967117309570312e+00
3.361425399780273438e+00
3.466217041015625000e+00
3.224450111389160156e+00
3.298720359802246094e+00
3.469253540039062500e+00
3.440189361572265625e+00
3.409123420715332031e+00
3.494697570800781250e+00
3.499990463256835938e+00
3.252820968627929688e+00
3.374682426452636719e+00
3.248838424682617188e+00
3.402909278869628906e+00
3.224328994750976562e+00
3.452262878417968750e+00
3.627308845520019531e+00
3.368251800537109375e+00
3.392423629760742188e+00
3.409394264221191406e+00
3.413029670715332031e+00
3.514081954956054688e+00
3.808207511901855469e+00
3.603953361511230469e+00
3.468418121337890625e+00
3.488873481750488281e+00
3.711350440979003906e+00
3.689857482910156250e+00
3.816458702087402344e+00
3.658329010009765625e+00
3.780675888061523438e+00
3.819300651550292969e+00
3.553558349609375000e+00
3.648868560791015625e+00
3.566810607910156250e+00
3.534767150878906250e+00
3.806790351867675781e+00
3.762022972106933594e+00
3.868938446044921875e+00
3.533845901489257812e+00
3.655173301696777344e+00
3.513846397399902344e+00
3.737066268920898438e+00
3.655471801757812500e+00
3.623743057250976562e+00
3.640041351318359375e+00
3.999238967895507812e+00
4.028389930725097656e+00
3.818552017211914062e+00
3.989475250244140625e+00
3.908946990966796875e+00
3.611323356628417969e+00
3.763565063476562500e+00
3.597028732299804688e+00
3.684137344360351562e+00
3.765057563781738281e+00
4.028175354003906250e+00
4.053117752075195312e+00
3.991987228393554688e+00
4.118699073791503906e+00
4.029479980468750000e+00
3.911184310913085938e+00
4.019918441772460938e+00
4.119941711425781250e+00
3.951648712158203125e+00
4.247613906860351562e+00
4.140481948852539062e+00
4.245716094970703125e+00
4.015911102294921875e+00
4.096361160278320312e+00
4.126058578491210938e+00
4.135997772216796875e+00
4.087896347045898438e+00
4.125494956970214844e+00
4.040355682373046875e+00
3.944620132446289062e+00
4.387634277343750000e+00
4.261977195739746094e+00
4.124699592590332031e+00
4.033258438110351562e+00
4.067358016967773438e+00
3.990122795104980469e+00
4.143448829650878906e+00
4.110873222351074219e+00
4.141954421997070312e+00
3.937232971191406250e+00
4.407319068908691406e+00
4.310143470764160156e+00
4.354061126708984375e+00
4.504705429077148438e+00
4.386390686035156250e+00
4.431306838989257812e+00
4.336169242858886719e+00
4.352318763732910156e+00
4.353892326354980469e+00
4.388061523437500000e+00
4.423236846923828125e+00
4.395618438720703125e+00
4.428703308105468750e+00
4.450711250305175781e+00
4.388243675231933594e+00
4.495388031005859375e+00
4.240919113159179688e+00
4.383650779724121094e+00
4.407378196716308594e+00
4.303154945373535156e+00
4.476393699645996094e+00
4.386363029479980469e+00
4.594331741333007812e+00
4.464047431945800781e+00
4.459488868713378906e+00
4.289405822753906250e+00
4.568154335021972656e+00
4.450813293457031250e+00
4.435277938842773438e+00
4.548715591430664062e+00
4.490097045898437500e+00
4.604223251342773438e+00
4.564159393310546875e+00
4.487064361572265625e+00
4.608982086181640625e+00
4.609069824218750000e+00
4.339840888977050781e+00
4.496018409729003906e+00
4.381256103515625000e+00
4.457531929016113281e+00
4.763963699340820312e+00
4.637723922729492188e+00
4.774599075317382812e+00
4.706938743591308594e+00
4.679048538208007812e+00
4.608533859252929688e+00
4.595184326171875000e+00
4.723817825317382812e+00
4.619012832641601562e+00
4.657526016235351562e+00
4.813188552856445312e+00
4.867674827575683594e+00
4.584096908569335938e+00
4.689496040344238281e+00
4.646089553833007812e+00
4.694831848144531250e+00
4.686717033386230469e+00
4.675170898437500000e+00
4.709518432617187500e+00
4.666563034057617188e+00
4.863975524902343750e+00
4.742250442504882812e+00
4.845984458923339844e+00
4.846083641052246094e+00
4.814159393310546875e+00
4.650040626525878906e+00
4.769947052001953125e+00
4.806099891662597656e+00
4.915716171264648438e+00
4.768245697021484375e+00
5.041581153869628906e+00
4.903840065002441406e+00
5.072158813476562500e+00
4.932845115661621094e+00
4.777755737304687500e+00
4.882404327392578125e+00
4.849795341491699219e+00
4.795824050903320312e+00
4.808752059936523438e+00
4.874590873718261719e+00
5.117588996887207031e+00
4.955852508544921875e+00
5.129913330078125000e+00
5.050131797790527344e+00
5.051082611083984375e+00
4.996373176574707031e+00
4.931316375732421875e+00
4.938341140747070312e+00
4.814208984375000000e+00
4.986721992492675781e+00
5.029358863830566406e+00
5.025010108947753906e+00
5.118873596191406250e+00
5.210195541381835938e+00
5.110158920288085938e+00
5.122998237609863281e+00
5.197815895080566406e+00
5.148017883300781250e+00
5.008193969726562500e+00
5.239104270935058594e+00
5.348340988159179688e+00
5.258991241455078125e+00
5.257822036743164062e+00
5.104669570922851562e+00
5.266019821166992188e+00
5.129643440246582031e+00
5.263792991638183594e+00
5.099743843078613281e+00
5.135718345642089844e+00
5.383131980895996094e+00
5.328163146972656250e+00
5.575725555419921875e+00
5.393327713012695312e+00
5.267480850219726562e+00
5.444477081298828125e+00
5.480344772338867188e+00
5.408786773681640625e+00
5.450021743774414062e+00
5.387255668640136719e+00
5.380722045898437500e+00
5.530166625976562500e+00
5.664001464843750000e+00
5.499178886413574219e+00
5.572277069091796875e+00
5.446549415588378906e+00
5.707659721374511719e+00
5.231580734252929688e+00
5.504264831542968750e+00
5.457606315612792969e+00
5.567178726196289062e+00
5.691781997680664062e+00
5.740700721740722656e+00
5.532176017761230469e+00
5.670938491821289062e+00
5.839641571044921875e+00
5.903044700622558594e+00
5.569558143615722656e+00
5.646203994750976562e+00
5.710336685180664062e+00
5.660519599914550781e+00
5.892878532409667969e+00
5.860652923583984375e+00
5.758133888244628906e+00
5.534154891967773438e+00
5.864693641662597656e+00
5.814554214477539062e+00
5.856163024902343750e+00
5.884791374206542969e+00
5.844118118286132812e+00
6.006235122680664062e+00
6.042010307312011719e+00
6.028882026672363281e+00
6.066275596618652344e+00
5.970614433288574219e+00
5.897352218627929688e+00
6.120372772216796875e+00
5.861083030700683594e+00
5.795684814453125000e+00
5.833276748657226562e+00
5.864109992980957031e+00
6.091427803039550781e+00
6.218137741088867188e+00
6.032876014709472656e+00
5.985588073730468750e+00
5.987545013427734375e+00
6.113124847412109375e+00
6.192461013793945312e+00
6.206052780151367188e+00
6.046318054199218750e+00
6.122364997863769531e+00
6.136938095092773438e+00
6.053403854370117188e+00
6.170148849487304688e+00
6.083988189697265625e+00
6.137815475463867188e+00
6.092051506042480469e+00
5.899021148681640625e+00
6.082288742065429688e+00
6.101678848266601562e+00
6.033889770507812500e+00
6.392641067504882812e+00
6.401363372802734375e+00
6.220681190490722656e+00
6.307917594909667969e+00
6.275188446044921875e+00
6.288926124572753906e+00
6.372067451477050781e+00
6.300249099731445312e+00
6.324497222900390625e+00
6.404788970947265625e+00
6.424957275390625000e+00
6.398622512817382812e+00
6.171615600585937500e+00
6.266764640808105469e+00
6.368083953857421875e+00
6.367897033691406250e+00
6.393550872802734375e+00
6.392110824584960938e+00
6.314843177795410156e+00
6.388578414916992188e+00
6.575180053710937500e+00
6.435895919799804688e+00
6.449658393859863281e+00
6.502302169799804688e+00
6.493240356445312500e+00
6.472609519958496094e+00
6.508071899414062500e+00
6.428630828857421875e+00
6.436736106872558594e+00
6.451328277587890625e+00
6.561785697937011719e+00
6.558770179748535156e+00
6.516849517822265625e+00
6.488301277160644531e+00
6.597620010375976562e+00
6.508888244628906250e+00
6.449885368347167969e+00
6.523366928100585938e+00
6.387053489685058594e+00
6.528277397155761719e+00
6.520264625549316406e+00
6.571499824523925781e+00
6.603553771972656250e+00
6.553438186645507812e+00
6.490606307983398438e+00
6.638166427612304688e+00
6.646821022033691406e+00
6.482528686523437500e+00
6.587559700012207031e+00
6.520452499389648438e+00
6.583709716796875000e+00
6.542598724365234375e+00
6.558484077453613281e+00
6.539920806884765625e+00
6.572823524475097656e+00
6.522954940795898438e+00
6.569313049316406250e+00
6.529345512390136719e+00
6.565134048461914062e+00
6.513497352600097656e+00
6.548062324523925781e+00
6.518810272216796875e+00
6.526265144348144531e+00
6.622217178344726562e+00
6.518191337585449219e+00
6.638143539428710938e+00
6.479856491088867188e+00
6.527013778686523438e+00
6.498838424682617188e+00
6.572324752807617188e+00
6.494873046875000000e+00
6.501010894775390625e+00
6.397030830383300781e+00
6.481413841247558594e+00
6.485137939453125000e+00
6.450962066650390625e+00
6.524492263793945312e+00
6.494832992553710938e+00
6.457486152648925781e+00
6.473378181457519531e+00
6.389579772949218750e+00
6.429949760437011719e+00
6.477683067321777344e+00
6.299423217773437500e+00
6.464771270751953125e+00
6.510145187377929688e+00
6.542312622070312500e+00
6.553312301635742188e+00
6.561513900756835938e+00
6.480873107910156250e+00
6.448884963989257812e+00
6.362180709838867188e+00
6.432882308959960938e+00
6.425061225891113281e+00
6.413837432861328125e+00
6.489059448242187500e+00
6.428173065185546875e+00
6.429994583129882812e+00
6.449434280395507812e+00
6.513555526733398438e+00
6.279192924499511719e+00
6.433925628662109375e+00
6.392049789428710938e+00
6.359179496765136719e+00
6.362781524658203125e+00
6.473817825317382812e+00
6.419879913330078125e+00
6.410160064697265625e+00
6.386773109436035156e+00
6.492841720581054688e+00
