3.097489178180694580e-01
2.149334400892257690e-01
2.460088431835174561e-01
3.325766324996948242e-02
4.719582200050354004e-02
6.586009263992309570e-02
1.129379123449325562e-01
1.697857379913330078e-01
2.407109737396240234e-02
3.497153520584106445e-01
3.666020035743713379e-01
3.192304968833923340e-01
3.368913531303405762e-01
3.630897998809814453e-01
3.347221314907073975e-01
4.898933470249176025e-01
2.444255352020263672e-01
1.773001849651336670e-01
1.185776293277740479e-01
-5.056735873222351074e-02
5.282646417617797852e-01
3.445138931274414062e-01
3.450869917869567871e-01
4.098150730133056641e-01
3.904138505458831787e-01
3.416627645492553711e-01
3.237072229385375977e-01
3.139764070510864258e-01
3.125151991844177246e-01
2.268619686365127563e-01
5.029010772705078125e-01
2.598184943199157715e-01
2.006570994853973389e-01
1.736133843660354614e-01
2.054284214973449707e-01
3.010725080966949463e-01
1.020201817154884338e-01
8.489447832107543945e-02
1.494312435388565063e-01
9.920343756675720215e-03
4.390756785869598389e-02
-6.596164405345916748e-02
4.447797238826751709e-01
4.547845423221588135e-01
6.086654663085937500e-01
5.715675354003906250e-01
2.847586572170257568e-01
2.614999413490295410e-01
3.830236196517944336e-01
5.105303525924682617e-01
2.395608425140380859e-01
8.359446376562118530e-02
1.917883306741714478e-01
5.484294295310974121e-01
3.830752372741699219e-01
6.872012615203857422e-01
3.640460669994354248e-01
2.465734183788299561e-01
3.730747103691101074e-01
2.960304021835327148e-01
8.883877396583557129e-01
7.159348130226135254e-01
8.626696467399597168e-01
3.835567533969879150e-01
5.647423267364501953e-01
2.707890570163726807e-01
2.236736118793487549e-01
5.312752723693847656e-01
2.679629921913146973e-01
3.019663691520690918e-01
2.624514102935791016e-01
3.592518568038940430e-01
2.791286408901214600e-01
3.097406625747680664e-01
3.534294366836547852e-01
8.723556399345397949e-01
8.944118618965148926e-01
9.129572510719299316e-01
8.846009373664855957e-01
7.643741965293884277e-01
5.774787068367004395e-01
6.389532685279846191e-01
5.985633134841918945e-01
6.016469597816467285e-01
6.471971273422241211e-01
4.237040281295776367e-01
4.776656627655029297e-01
2.913198173046112061e-01
2.759524583816528320e-01
3.201994299888610840e-01
1.041121721267700195e+00
9.458335041999816895e-01
7.950902581214904785e-01
7.721647024154663086e-01
8.300297260284423828e-01
8.472098708152770996e-01
5.807931423187255859e-01
5.404691696166992188e-01
4.705990254878997803e-01
2.866632640361785889e-01
4.182184040546417236e-01
3.773563504219055176e-01
4.443707764148712158e-01
4.707979559898376465e-01
5.433012247085571289e-01
9.489243626594543457e-01
7.552895545959472656e-01
8.431755900382995605e-01
7.374015450477600098e-01
8.212146162986755371e-01
9.255901575088500977e-01
7.654465436935424805e-01
7.057384848594665527e-01
5.875681638717651367e-01
5.775719881057739258e-01
6.143194437026977539e-01
7.779310941696166992e-01
8.910735249519348145e-01
9.775551557540893555e-01
9.665651917457580566e-01
1.091593027114868164e+00
1.193219184875488281e+00
1.173461914062500000e+00
1.080978631973266602e+00
1.036598205566406250e+00
8.689559698104858398e-01
8.586419224739074707e-01
9.043974280357360840e-01
8.536427021026611328e-01
9.511135220527648926e-01
8.832025527954101562e-01
7.985888719558715820e-01
6.594253182411193848e-01
5.900660753250122070e-01
7.875248193740844727e-01
1.071838378906250000e+00
1.179903745651245117e+00
1.013764619827270508e+00
1.164037227630615234e+00
8.376079201698303223e-01
8.636292815208435059e-01
8.157768845558166504e-01
8.486487269401550293e-01
7.716422677040100098e-01
7.184646129608154297e-01
9.570051431655883789e-01
9.868032336235046387e-01
9.230107665061950684e-01
7.207980751991271973e-01
8.926029205322265625e-01
1.260840773582458496e+00
1.053719997406005859e+00
1.114886403083801270e+00
1.208504557609558105e+00
1.078379750251770020e+00
1.046211481094360352e+00
1.054752349853515625e+00
9.686316847801208496e-01
8.176062703132629395e-01
8.430504798889160156e-01
8.876108527183532715e-01
1.008949995040893555e+00
1.056773424148559570e+00
9.265865087509155273e-01
1.037637710571289062e+00
9.940277934074401855e-01
1.036326169967651367e+00
1.162745475769042969e+00
1.065126538276672363e+00
9.386550188064575195e-01
1.139421582221984863e+00
1.055443763732910156e+00
1.018033504486083984e+00
8.311856389045715332e-01
7.975763678550720215e-01
7.552865147590637207e-01
1.234714031219482422e+00
1.253647685050964355e+00
1.245357751846313477e+00
1.260854244232177734e+00
1.197771787643432617e+00
1.211762428283691406e+00
9.606186747550964355e-01
1.220121145248413086e+00
1.081833600997924805e+00
1.120991945266723633e+00
1.187175035476684570e+00
1.273021936416625977e+00
1.330218791961669922e+00
1.046784877777099609e+00
1.338945150375366211e+00
1.305273294448852539e+00
1.197710156440734863e+00
1.222269415855407715e+00
1.283390045166015625e+00
1.370654940605163574e+00
1.294727921485900879e+00
1.286424040794372559e+00
1.186548590660095215e+00
1.211956977844238281e+00
1.287856221199035645e+00
1.190546393394470215e+00
1.070587038993835449e+00
1.176802515983581543e+00
1.174371361732482910e+00
1.248920440673828125e+00
1.219746708869934082e+00
1.192033171653747559e+00
1.240858078002929688e+00
1.265170216560363770e+00
1.428662657737731934e+00
1.333391904830932617e+00
1.285643100738525391e+00
1.250766992568969727e+00
1.447713136672973633e+00
1.419973969459533691e+00
1.396833539009094238e+00
1.323941946029663086e+00
1.361157298088073730e+00
1.226114034652709961e+00
1.334236860275268555e+00
1.360037088394165039e+00
1.358291864395141602e+00
1.348609209060668945e+00
1.206213951110839844e+00
1.637664437294006348e+00
1.593955397605895996e+00
1.566141128540039062e+00
1.524775981903076172e+00
1.642231106758117676e+00
1.655942440032958984e+00
1.579737186431884766e+00
1.326325178146362305e+00
1.393803715705871582e+00
1.490253686904907227e+00
1.350165009498596191e+00
1.426434993743896484e+00
1.337373256683349609e+00
1.454873085021972656e+00
1.371824145317077637e+00
1.764334917068481445e+00
1.826202154159545898e+00
1.751424074172973633e+00
1.739863395690917969e+00
1.583930969238281250e+00
1.764851689338684082e+00
1.751263499259948730e+00
1.664611101150512695e+00
1.780765891075134277e+00
1.791797518730163574e+00
1.802809476852416992e+00
1.683337688446044922e+00
1.663662433624267578e+00
1.642790675163269043e+00
1.503893733024597168e+00
1.853794336318969727e+00
1.823617458343505859e+00
1.944366693496704102e+00
1.824540734291076660e+00
1.760611653327941895e+00
1.763542652130126953e+00
1.842420339584350586e+00
1.808825373649597168e+00
1.780679702758789062e+00
1.877324104309082031e+00
1.822628498077392578e+00
1.744809150695800781e+00
1.717202425003051758e+00
1.938022494316101074e+00
1.887424588203430176e+00
1.969159603118896484e+00
1.909780979156494141e+00
1.973568081855773926e+00
1.875898718833923340e+00
1.767342448234558105e+00
1.913711428642272949e+00
1.811873435974121094e+00
1.795457601547241211e+00
1.861989855766296387e+00
1.949835419654846191e+00
1.798118233680725098e+00
1.904290676116943359e+00
1.887371182441711426e+00
1.856404542922973633e+00
1.774041175842285156e+00
2.005126953125000000e+00
1.915348649024963379e+00
1.964604258537292480e+00
1.913857936859130859e+00
1.915097475051879883e+00
2.008533000946044922e+00
2.077004909515380859e+00
2.054562807083129883e+00
1.910287618637084961e+00
1.940951228141784668e+00
2.061309337615966797e+00
1.871722936630249023e+00
2.032749414443969727e+00
1.860964775085449219e+00
1.933198094367980957e+00
2.175208091735839844e+00
2.081637382507324219e+00
2.097998619079589844e+00
2.072835445404052734e+00
2.135450601577758789e+00
2.042461872100830078e+00
2.119032859802246094e+00
2.032414436340332031e+00
2.014205932617187500e+00
1.983905434608459473e+00
2.133592844009399414e+00
2.099725484848022461e+00
2.113276481628417969e+00
2.192151069641113281e+00
2.085660219192504883e+00
2.180304050445556641e+00
2.370651245117187500e+00
2.379537105560302734e+00
2.219477176666259766e+00
2.213320255279541016e+00
2.219882011413574219e+00
2.072636127471923828e+00
2.158669710159301758e+00
2.188390731811523438e+00
2.255955219268798828e+00
2.233166217803955078e+00
2.260691165924072266e+00
2.141689538955688477e+00
2.229338169097900391e+00
2.219395160675048828e+00
2.225529193878173828e+00
2.352340221405029297e+00
2.250184535980224609e+00
2.264990329742431641e+00
2.316579818725585938e+00
2.302400112152099609e+00
2.327749252319335938e+00
2.291278362274169922e+00
2.308915138244628906e+00
2.333537578582763672e+00
2.278646469116210938e+00
2.332777976989746094e+00
2.259578704833984375e+00
2.374148368835449219e+00
2.389400005340576172e+00
2.273914337158203125e+00
2.269622325897216797e+00
2.296931743621826172e+00
2.360330104827880859e+00
2.376578807830810547e+00
2.338223934173583984e+00
2.320657253265380859e+00
2.376924991607666016e+00
2.413880825042724609e+00
2.285568714141845703e+00
2.305152893066406250e+00
2.291327953338623047e+00
2.361961364746093750e+00
2.392541885375976562e+00
2.337829113006591797e+00
2.535123825073242188e+00
2.446980476379394531e+00
2.403110504150390625e+00
2.377541542053222656e+00
2.470332145690917969e+00
2.471898555755615234e+00
2.379481792449951172e+00
2.503667831420898438e+00
2.306114673614501953e+00
2.443376541137695312e+00
2.391421794891357422e+00
2.410214900970458984e+00
2.356437206268310547e+00
2.354305267333984375e+00
2.438312530517578125e+00
2.634671211242675781e+00
2.529033184051513672e+00
2.532340049743652344e+00
2.566665172576904297e+00
2.570225715637207031e+00
2.599999904632568359e+00
2.536856651306152344e+00
2.484094619750976562e+00
2.498502731323242188e+00
2.508361339569091797e+00
2.620153427124023438e+00
2.568226337432861328e+00
2.543174266815185547e+00
2.539638996124267578e+00
2.574535369873046875e+00
2.589502334594726562e+00
2.669027328491210938e+00
2.639946937561035156e+00
2.596717357635498047e+00
2.660411357879638672e+00
2.624373912811279297e+00
2.578685283660888672e+00
2.567706108093261719e+00
2.494457244873046875e+00
2.590531349182128906e+00
2.610561847686767578e+00
2.612027645111083984e+00
2.539339542388916016e+00
2.618513584136962891e+00
2.565958976745605469e+00
2.762068271636962891e+00
2.723845005035400391e+00
2.712648391723632812e+00
2.718948364257812500e+00
2.576959133148193359e+00
2.574628829956054688e+00
2.754151344299316406e+00
2.518497943878173828e+00
2.618007659912109375e+00
2.637228965759277344e+00
2.689905643463134766e+00
2.599024772644042969e+00
2.617271900177001953e+00
2.765338420867919922e+00
2.752039432525634766e+00
2.943629264831542969e+00
2.869591236114501953e+00
2.797794818878173828e+00
2.704168319702148438e+00
2.801937103271484375e+00
2.823295116424560547e+00
2.865551471710205078e+00
2.760566711425781250e+00
2.825777053833007812e+00
2.845565795898437500e+00
2.883809566497802734e+00
2.803663730621337891e+00
2.666763782501220703e+00
2.777561664581298828e+00
2.807227134704589844e+00
2.761841297149658203e+00
3.211144924163818359e+00
3.106634140014648438e+00
3.025893688201904297e+00
3.053712844848632812e+00
2.960558891296386719e+00
2.965450286865234375e+00
2.903845787048339844e+00
2.861487388610839844e+00
2.973587512969970703e+00
2.927536010742187500e+00
2.887206554412841797e+00
2.919025897979736328e+00
2.906022548675537109e+00
3.032481193542480469e+00
2.793069839477539062e+00
3.073625087738037109e+00
3.104941844940185547e+00
3.226978778839111328e+00
3.093438148498535156e+00
3.018112659454345703e+00
3.087799549102783203e+00
3.020411014556884766e+00
3.123306751251220703e+00
3.032246112823486328e+00
3.117349624633789062e+00
3.037246227264404297e+00
3.050662040710449219e+00
3.010903835296630859e+00
3.040361404418945312e+00
3.249576091766357422e+00
3.220602035522460938e+00
3.097351551055908203e+00
3.125947475433349609e+00
3.106814384460449219e+00
3.149945259094238281e+00
3.189587593078613281e+00
3.105473995208740234e+00
3.140737056732177734e+00
3.271366596221923828e+00
3.211235046386718750e+00
3.282860279083251953e+00
3.369528293609619141e+00
3.191278457641601562e+00
3.224541187286376953e+00
3.424798965454101562e+00
3.311754703521728516e+00
3.210312843322753906e+00
3.122368335723876953e+00
3.433975696563720703e+00
3.398508548736572266e+00
3.248181819915771484e+00
3.337346076965332031e+00
3.221751689910888672e+00
3.199177742004394531e+00
3.218402385711669922e+00
3.300318241119384766e+00
3.139945030212402344e+00
3.166006565093994141e+00
3.257195949554443359e+00
3.545215129852294922e+00
3.271212100982666016e+00
3.459848403930664062e+00
3.579574108123779297e+00
3.470245838165283203e+00
3.501922130584716797e+00
3.490025520324707031e+00
3.669083118438720703e+00
3.400083065032958984e+00
3.307017803192138672e+00
3.408824920654296875e+00
3.468577861785888672e+00
3.494374275207519531e+00
3.442235469818115234e+00
3.436407089233398438e+00
3.515847206115722656e+00
3.596643924713134766e+00
3.459051132202148438e+00
3.693479537963867188e+00
3.598425388336181641e+00
3.727830886840820312e+00
3.642797946929931641e+00
3.526290416717529297e+00
3.450236320495605469e+00
3.489050388336181641e+00
3.558933258056640625e+00
3.888268947601318359e+00
3.394700527191162109e+00
3.477062225341796875e+00
3.552335739135742188e+00
3.627573013305664062e+00
3.597432613372802734e+00
3.705447673797607422e+00
3.675725460052490234e+00
3.577080726623535156e+00
3.562570095062255859e+00
3.618278026580810547e+00
3.499098300933837891e+00
3.732539653778076172e+00
3.561903953552246094e+00
3.648921012878417969e+00
3.528578281402587891e+00
3.529619693756103516e+00
3.578664302825927734e+00
3.530627250671386719e+00
3.441621780395507812e+00
3.870663642883300781e+00
3.757183074951171875e+00
3.678573608398437500e+00
3.814232826232910156e+00
3.840336799621582031e+00
3.559647083282470703e+00
3.590326786041259766e+00
3.944096088409423828e+00
3.806034564971923828e+00
3.558951854705810547e+00
3.760568141937255859e+00
3.627821445465087891e+00
3.787398815155029297e+00
3.621761798858642578e+00
3.530657768249511719e+00
3.674214363098144531e+00
3.851960182189941406e+00
3.840539455413818359e+00
3.838878631591796875e+00
3.634915351867675781e+00
3.848638057708740234e+00
3.757621288299560547e+00
3.841477870941162109e+00
3.626825332641601562e+00
3.681576728820800781e+00
3.640716075897216797e+00
3.920993804931640625e+00
3.831655502319335938e+00
3.799216747283935547e+00
3.723794937133789062e+00
3.747056961059570312e+00
3.825175762176513672e+00
3.915904998779296875e+00
3.833882808685302734e+00
3.750164508819580078e+00
3.936014652252197266e+00
3.702425479888916016e+00
3.658918857574462891e+00
3.856473445892333984e+00
3.877103328704833984e+00
3.822930335998535156e+00
3.886921405792236328e+00
3.856112480163574219e+00
3.742901325225830078e+00
3.809961795806884766e+00
3.907694339752197266e+00
3.727196693420410156e+00
3.858211040496826172e+00
4.110507965087890625e+00
3.852702617645263672e+00
4.055871963500976562e+00
3.952827453613281250e+00
3.861935138702392578e+00
4.115210056304931641e+00
3.915007114410400391e+00
3.905644893646240234e+00
3.919794559478759766e+00
3.965420722961425781e+00
3.860197067260742188e+00
4.146622180938720703e+00
4.077433586120605469e+00
4.086753845214843750e+00
3.864061832427978516e+00
3.975248336791992188e+00
3.957717895507812500e+00
4.031902313232421875e+00
4.021663665771484375e+00
3.931419372558593750e+00
3.880839824676513672e+00
4.011307716369628906e+00
3.947733879089355469e+00
3.948441028594970703e+00
4.053004264831542969e+00
3.983499526977539062e+00
4.238523483276367188e+00
4.270800590515136719e+00
4.131901741027832031e+00
4.196841716766357422e+00
4.159057140350341797e+00
4.404235363006591797e+00
4.252992153167724609e+00
4.159125804901123047e+00
4.003791332244873047e+00
4.015089035034179688e+00
4.135385990142822266e+00
4.007219791412353516e+00
4.041930198669433594e+00
4.041984081268310547e+00
4.359381198883056641e+00
4.251801967620849609e+00
4.092233657836914062e+00
4.159449100494384766e+00
4.064422130584716797e+00
4.067355632781982422e+00
4.323458194732666016e+00
4.308758735656738281e+00
4.128596782684326172e+00
4.424615383148193359e+00
4.299481391906738281e+00
4.326527118682861328e+00
4.170372486114501953e+00
4.223885536193847656e+00
4.374243259429931641e+00
4.211878299713134766e+00
4.451804637908935547e+00
4.556068420410156250e+00
4.366493701934814453e+00
4.261384487152099609e+00
4.347902774810791016e+00
4.383865833282470703e+00
4.367958068847656250e+00
4.298245429992675781e+00
4.257311344146728516e+00
4.618865966796875000e+00
4.381916522979736328e+00
4.420566082000732422e+00
4.296953201293945312e+00
4.443846225738525391e+00
4.621676445007324219e+00
4.627725124359130859e+00
4.652975559234619141e+00
4.295678138732910156e+00
4.371161937713623047e+00
4.409976005554199219e+00
4.499694347381591797e+00
4.794103622436523438e+00
4.400538444519042969e+00
4.449835777282714844e+00
4.080297946929931641e+00
4.524248123168945312e+00
4.678666114807128906e+00
4.616406440734863281e+00
4.399505138397216797e+00
4.276348590850830078e+00
4.680140495300292969e+00
4.779027462005615234e+00
4.682439327239990234e+00
4.568758487701416016e+00
4.483688354492187500e+00
4.479812145233154297e+00
4.522701740264892578e+00
4.552705287933349609e+00
4.438774108886718750e+00
4.660660266876220703e+00
4.561314105987548828e+00
4.581271648406982422e+00
4.541744232177734375e+00
4.476002216339111328e+00
4.903495311737060547e+00
4.666106224060058594e+00
4.569377899169921875e+00
4.716924190521240234e+00
4.578200340270996094e+00
4.521346092224121094e+00
4.583690166473388672e+00
4.810868263244628906e+00
4.934464454650878906e+00
4.902228355407714844e+00
4.692647933959960938e+00
4.698765754699707031e+00
4.611462593078613281e+00
4.698966503143310547e+00
4.699769020080566406e+00
4.549652576446533203e+00
4.534574985504150391e+00
4.702257156372070312e+00
4.691483497619628906e+00
4.642725467681884766e+00
4.616252422332763672e+00
4.661146163940429688e+00
4.756362438201904297e+00
4.653697490692138672e+00
4.930920124053955078e+00
4.759904861450195312e+00
4.708015441894531250e+00
4.777478694915771484e+00
4.709469318389892578e+00
4.690912246704101562e+00
4.684061527252197266e+00
4.739271640777587891e+00
4.978223800659179688e+00
4.684151649475097656e+00
5.008474349975585938e+00
5.062898635864257812e+00
4.838822364807128906e+00
4.535775184631347656e+00
4.920891761779785156e+00
4.933690071105957031e+00
4.668850421905517578e+00
5.087481021881103516e+00
4.784347057342529297e+00
4.854208469390869141e+00
5.121954441070556641e+00
4.716364383697509766e+00
5.025589942932128906e+00
4.797904014587402344e+00
4.803157329559326172e+00
4.958367824554443359e+00
4.820100784301757812e+00
4.798995971679687500e+00
4.611931800842285156e+00
4.905111312866210938e+00
4.879211425781250000e+00
4.808754920959472656e+00
4.774180889129638672e+00
5.070012092590332031e+00
4.913139820098876953e+00
4.923496723175048828e+00
4.783901214599609375e+00
5.132384777069091797e+00
5.149313926696777344e+00
5.130423069000244141e+00
5.008553981781005859e+00
5.081533908843994141e+00
4.913881301879882812e+00
5.318841457366943359e+00
4.844206333160400391e+00
5.039164066314697266e+00
4.988754749298095703e+00
4.945991039276123047e+00
4.811816215515136719e+00
4.908751487731933594e+00
5.064626693725585938e+00
4.647786140441894531e+00
5.155578613281250000e+00
5.081226348876953125e+00
5.345520973205566406e+00
5.059507369995117188e+00
5.311860561370849609e+00
5.051942825317382812e+00
5.044281005859375000e+00
5.514494419097900391e+00
5.339667320251464844e+00
5.127157211303710938e+00
4.897317886352539062e+00
5.489823818206787109e+00
5.139163494110107422e+00
5.248702526092529297e+00
5.290049552917480469e+00
5.350845813751220703e+00
5.418914318084716797e+00
5.274594783782958984e+00
5.316258907318115234e+00
5.397398948669433594e+00
5.294193267822265625e+00
5.360678195953369141e+00
5.448076725006103516e+00
5.151081085205078125e+00
5.192142963409423828e+00
5.474193096160888672e+00
5.331279277801513672e+00
5.177583694458007812e+00
5.455580234527587891e+00
5.239742279052734375e+00
5.510691642761230469e+00
5.413017272949218750e+00
5.444788455963134766e+00
5.203925609588623047e+00
5.270861625671386719e+00
5.566388607025146484e+00
5.513790130615234375e+00
5.138443946838378906e+00
5.058328628540039062e+00
5.216750621795654297e+00
5.324271678924560547e+00
5.527510166168212891e+00
5.280266761779785156e+00
5.374601840972900391e+00
5.335663795471191406e+00
5.620541572570800781e+00
5.305037021636962891e+00
5.417435169219970703e+00
5.471911430358886719e+00
5.455927848815917969e+00
5.295601367950439453e+00
5.506341934204101562e+00
5.600795269012451172e+00
5.693634510040283203e+00
5.418931484222412109e+00
5.423272132873535156e+00
5.239287376403808594e+00
5.475068569183349609e+00
5.445826053619384766e+00
5.523141860961914062e+00
5.474762439727783203e+00
5.455207824707031250e+00
5.396489143371582031e+00
5.668307781219482422e+00
5.405821800231933594e+00
5.505324840545654297e+00
5.656461238861083984e+00
5.564895153045654297e+00
5.414247035980224609e+00
5.568759441375732422e+00
5.628791809082031250e+00
5.440641880035400391e+00
5.579936027526855469e+00
5.383109569549560547e+00
5.161173820495605469e+00
5.660905361175537109e+00
5.914099693298339844e+00
5.752330303192138672e+00
5.644751548767089844e+00
5.755762100219726562e+00
5.678336143493652344e+00
5.584452629089355469e+00
5.915054321289062500e+00
5.729943275451660156e+00
5.664148330688476562e+00
5.865296363830566406e+00
5.519085884094238281e+00
5.881955146789550781e+00
5.747956275939941406e+00
5.409217357635498047e+00
5.638132572174072266e+00
6.115092754364013672e+00
5.933913707733154297e+00
5.997088432312011719e+00
5.964009284973144531e+00
5.693215847015380859e+00
5.683744907379150391e+00
5.845809459686279297e+00
5.894209384918212891e+00
6.117750167846679688e+00
5.798734188079833984e+00
5.747710704803466797e+00
5.932168483734130859e+00
6.165214061737060547e+00
5.698313236236572266e+00
5.324776172637939453e+00
5.841775417327880859e+00
5.935301303863525391e+00
5.996551513671875000e+00
5.540581226348876953e+00
5.837484836578369141e+00
5.680666923522949219e+00
5.968066215515136719e+00
5.921057701110839844e+00
6.020203113555908203e+00
6.122882843017578125e+00
5.761927127838134766e+00
5.939126968383789062e+00
5.812402725219726562e+00
5.803869247436523438e+00
6.155717372894287109e+00
5.897572994232177734e+00
6.177937507629394531e+00
5.529264450073242188e+00
6.129098892211914062e+00
6.078136444091796875e+00
5.940242290496826172e+00
5.912695407867431641e+00
5.635953426361083984e+00
5.925866127014160156e+00
5.968829631805419922e+00
6.118228435516357422e+00
5.881565093994140625e+00
5.899188041687011719e+00
5.795779228210449219e+00
6.155556678771972656e+00
5.848618507385253906e+00
6.145426273345947266e+00
6.170397758483886719e+00
6.027255535125732422e+00
6.006639957427978516e+00
5.896552562713623047e+00
5.863934993743896484e+00
6.001504898071289062e+00
5.762256145477294922e+00
6.210867404937744141e+00
6.324422836303710938e+00
6.184730052947998047e+00
6.191517353057861328e+00
6.194336414337158203e+00
6.367298126220703125e+00
6.035250663757324219e+00
6.382476329803466797e+00
6.096970081329345703e+00
6.068907260894775391e+00
6.062587738037109375e+00
6.149627685546875000e+00
6.019743919372558594e+00
6.152843475341796875e+00
6.084298610687255859e+00
6.210892200469970703e+00
6.225126743316650391e+00
6.132914543151855469e+00
6.209611892700195312e+00
6.185824871063232422e+00
6.360765457153320312e+00
6.460202217102050781e+00
6.379088878631591797e+00
6.434361934661865234e+00
6.210882663726806641e+00
6.602336883544921875e+00
6.270497798919677734e+00
6.277305126190185547e+00
6.421211242675781250e+00
6.348211288452148438e+00
6.325383663177490234e+00
6.500836849212646484e+00
6.283166408538818359e+00
6.305702209472656250e+00
5.811768531799316406e+00
6.589926242828369141e+00
6.401091575622558594e+00
6.438123703002929688e+00
6.383757114410400391e+00
6.066987037658691406e+00
6.489118099212646484e+00
6.530405044555664062e+00
6.547191619873046875e+00
6.366471767425537109e+00
6.793710708618164062e+00
6.669481277465820312e+00
6.582397460937500000e+00
6.519900321960449219e+00
6.377206325531005859e+00
6.593541622161865234e+00
6.424090385437011719e+00
6.471840858459472656e+00
6.034476280212402344e+00
6.189023017883300781e+00
6.196492671966552734e+00
6.590050697326660156e+00
6.555604457855224609e+00
6.360331058502197266e+00
6.615363597869873047e+00
6.603031635284423828e+00
6.464355468750000000e+00
6.744996547698974609e+00
6.553002834320068359e+00
6.455626487731933594e+00
6.511011123657226562e+00
6.703051567077636719e+00
6.703815460205078125e+00
6.387955188751220703e+00
6.401141166687011719e+00
6.680248260498046875e+00
6.552690982818603516e+00
6.423253059387207031e+00
6.754149436950683594e+00
6.457700252532958984e+00
6.617208957672119141e+00
6.713935375213623047e+00
6.409911155700683594e+00
6.525359153747558594e+00
6.498039722442626953e+00
6.610234260559082031e+00
6.662144184112548828e+00
6.730006217956542969e+00
6.482302188873291016e+00
6.499938011169433594e+00
6.513673782348632812e+00
6.717341899871826172e+00
6.690864562988281250e+00
6.515396595001220703e+00
6.438926219940185547e+00
6.559826374053955078e+00
6.781695365905761719e+00
6.564300060272216797e+00
6.547903537750244141e+00
6.593221664428710938e+00
6.365173339843750000e+00
6.831028938293457031e+00
6.723872661590576172e+00
6.717943191528320312e+00
6.832953453063964844e+00
6.566557884216308594e+00
6.629904270172119141e+00
6.678221225738525391e+00
6.554105281829833984e+00
6.660356521606445312e+00
6.701192855834960938e+00
6.639478206634521484e+00
6.699852943420410156e+00
6.655345439910888672e+00
6.661448478698730469e+00
6.522919178009033203e+00
6.814133167266845703e+00
6.846957683563232422e+00
6.962423324584960938e+00
6.741318702697753906e+00
6.796069145202636719e+00
6.867274284362792969e+00
6.820879936218261719e+00
6.906134128570556641e+00
6.777961254119873047e+00
6.962171077728271484e+00
7.044889926910400391e+00
6.363082408905029297e+00
6.610421180725097656e+00
6.636242389678955078e+00
6.647166252136230469e+00
7.084421634674072266e+00
7.304545402526855469e+00
6.901841163635253906e+00
7.139626979827880859e+00
7.069571495056152344e+00
7.046097278594970703e+00
6.925586223602294922e+00
6.697616100311279297e+00
6.971000194549560547e+00
6.878769397735595703e+00
6.967889308929443359e+00
7.019000530242919922e+00
7.070180416107177734e+00
6.956231117248535156e+00
6.675517559051513672e+00
7.262022495269775391e+00
7.040925979614257812e+00
7.209376811981201172e+00
7.136231422424316406e+00
6.925511837005615234e+00
6.921879291534423828e+00
7.106064319610595703e+00
6.912557601928710938e+00
6.811779975891113281e+00
6.869411945343017578e+00
6.811796665191650391e+00
6.838406085968017578e+00
6.917004585266113281e+00
6.909949779510498047e+00
6.980037689208984375e+00
7.152175903320312500e+00
7.190702915191650391e+00
7.149472713470458984e+00
7.157597064971923828e+00
7.313459396362304688e+00
7.045581817626953125e+00
7.291870117187500000e+00
7.370325565338134766e+00
6.801194190979003906e+00
6.958410739898681641e+00
6.924887657165527344e+00
6.781069755554199219e+00
7.048907756805419922e+00
6.987565517425537109e+00
7.006288528442382812e+00
7.493982315063476562e+00
7.374855518341064453e+00
7.207188129425048828e+00
7.286782264709472656e+00
7.393394947052001953e+00
7.294174671173095703e+00
7.405760765075683594e+00
7.198663234710693359e+00
7.324974060058593750e+00
7.497894287109375000e+00
7.019867897033691406e+00
7.061771869659423828e+00
7.006846427917480469e+00
7.083709716796875000e+00
7.081154346466064453e+00
7.480082511901855469e+00
7.392650604248046875e+00
7.381610393524169922e+00
7.447440147399902344e+00
7.319623470306396484e+00
7.424469947814941406e+00
7.356099605560302734e+00
7.296088218688964844e+00
7.437419414520263672e+00
7.282239437103271484e+00
7.394402980804443359e+00
7.221489429473876953e+00
7.432075023651123047e+00
7.209424018859863281e+00
7.596256732940673828e+00
7.454549789428710938e+00
7.543093681335449219e+00
7.544744014739990234e+00
7.574507236480712891e+00
7.654205799102783203e+00
7.683132171630859375e+00
7.470797061920166016e+00
7.547467708587646484e+00
7.586204051971435547e+00
7.793947696685791016e+00
7.648229598999023438e+00
7.522129535675048828e+00
7.472993373870849609e+00
7.345920085906982422e+00
7.603240966796875000e+00
7.545685768127441406e+00
7.555279731750488281e+00
7.482653141021728516e+00
7.534503936767578125e+00
7.573691368103027344e+00
7.666779518127441406e+00
7.549263954162597656e+00
7.312254905700683594e+00
7.618984699249267578e+00
7.494479179382324219e+00
7.664275646209716797e+00
7.788937568664550781e+00
7.727726936340332031e+00
7.608942031860351562e+00
7.663564205169677734e+00
7.494640827178955078e+00
7.593990325927734375e+00
7.582388401031494141e+00
7.661663532257080078e+00
7.674592018127441406e+00
7.660031795501708984e+00
7.591273784637451172e+00
7.632726669311523438e+00
7.295452594757080078e+00
7.598446846008300781e+00
7.583436489105224609e+00
7.381636619567871094e+00
7.636333465576171875e+00
7.689790248870849609e+00
7.640262603759765625e+00
7.547198295593261719e+00
7.804190635681152344e+00
7.679627418518066406e+00
7.659285545349121094e+00
7.821865558624267578e+00
7.582458496093750000e+00
7.659142971038818359e+00
7.537223815917968750e+00
7.447757244110107422e+00
7.516019821166992188e+00
7.639513015747070312e+00
7.552958011627197266e+00
7.423718929290771484e+00
7.455866336822509766e+00
7.238258361816406250e+00
