2.009852600097656250e+01
7.590129375457763672e+00
2.243644905090332031e+01
5.303626060485839844e+00
8.023737907409667969e+00
1.103525161743164062e+01
1.153083801269531250e+01
1.080106639862060547e+01
9.140506744384765625e+00
7.092153549194335938e+00
5.415882110595703125e+00
5.266928195953369141e+00
6.778707027435302734e+00
7.346961975097656250e+00
6.320548534393310547e+00
5.276697635650634766e+00
5.107019424438476562e+00
5.530290126800537109e+00
5.965211868286132812e+00
6.088424682617187500e+00
5.892579078674316406e+00
5.507471084594726562e+00
5.161711692810058594e+00
5.079933166503906250e+00
5.296857833862304688e+00
5.551351070404052734e+00
5.542987346649169922e+00
5.301863670349121094e+00
5.097813606262207031e+00
5.085680007934570312e+00
5.205675601959228516e+00
5.318381309509277344e+00
5.332581996917724609e+00
5.245341777801513672e+00
5.126063823699951172e+00
5.064988613128662109e+00
5.101808547973632812e+00
5.182422161102294922e+00
5.210460186004638672e+00
5.157008647918701172e+00
5.084804058074951172e+00
5.061678886413574219e+00
5.091798782348632812e+00
5.131156444549560547e+00
5.139211177825927734e+00
5.110456943511962891e+00
5.072092056274414062e+00
5.057386875152587891e+00
5.074202060699462891e+00
5.097396850585937500e+00
5.097883224487304688e+00
5.075879096984863281e+00
5.056099414825439453e+00
5.055850028991699219e+00
5.068850040435791016e+00
5.077321529388427734e+00
5.071676254272460938e+00
5.057963371276855469e+00
5.049545288085937500e+00
5.052645683288574219e+00
5.060304164886474609e+00
5.061461925506591797e+00
5.054221153259277344e+00
5.046617507934570312e+00
5.045576095581054688e+00
5.049438476562500000e+00
5.051627159118652344e+00
5.048687934875488281e+00
5.043355464935302734e+00
5.040621757507324219e+00
5.041843414306640625e+00
5.043602943420410156e+00
5.042387008666992188e+00
5.038830280303955078e+00
5.036254405975341797e+00
5.036194801330566406e+00
5.036944866180419922e+00
5.036182880401611328e+00
5.033770561218261719e+00
5.031536102294921875e+00
5.030796051025390625e+00
5.030826091766357422e+00
5.030051231384277344e+00
5.028153419494628906e+00
5.026258468627929688e+00
5.025262355804443359e+00
5.024754047393798828e+00
5.023770809173583984e+00
5.022088527679443359e+00
5.020372867584228516e+00
5.019188880920410156e+00
5.018292427062988281e+00
5.017073631286621094e+00
5.015408515930175781e+00
5.013740539550781250e+00
5.012393474578857422e+00
5.011168956756591797e+00
5.009695053100585938e+00
5.007949829101562500e+00
5.006222724914550781e+00
5.004674911499023438e+00
5.003143310546875000e+00
5.001408576965332031e+00
4.999504089355468750e+00
4.997622489929199219e+00
4.995819568634033203e+00
4.993960380554199219e+00
4.991934299468994141e+00
4.989801406860351562e+00
4.987675189971923828e+00
4.985550403594970703e+00
4.983325958251953125e+00
4.980959415435791016e+00
4.978514194488525391e+00
4.976046085357666016e+00
4.973523616790771484e+00
4.970881938934326172e+00
4.968123912811279297e+00
4.965300559997558594e+00
4.962419986724853516e+00
4.959435462951660156e+00
4.956306934356689453e+00
4.953035831451416016e+00
4.949618816375732422e+00
4.946005821228027344e+00
4.942120075225830078e+00
4.937901973724365234e+00
4.933146476745605469e+00
4.927675247192382812e+00
4.921611309051513672e+00
4.915339946746826172e+00
4.909091472625732422e+00
4.902785301208496094e+00
4.896441459655761719e+00
4.889854431152343750e+00
4.882525920867919922e+00
4.870830059051513672e+00
4.861824035644531250e+00
4.847206592559814453e+00
4.812223911285400391e+00
4.780775070190429688e+00
4.732935905456542969e+00
4.675823211669921875e+00
4.610600471496582031e+00
4.522042751312255859e+00
4.428721427917480469e+00
4.311776161193847656e+00
4.178190231323242188e+00
4.022957324981689453e+00
3.850983619689941406e+00
3.694096088409423828e+00
3.808469533920288086e+00
3.789555311203002930e+00
3.196201801300048828e+00
3.530397891998291016e+00
3.113042593002319336e+00
2.911481857299804688e+00
3.019212245941162109e+00
2.473282575607299805e+00
2.613533973693847656e+00
2.340086936950683594e+00
2.024727821350097656e+00
2.147441148757934570e+00
1.824655532836914062e+00
1.541447997093200684e+00
1.607304811477661133e+00
1.618628501892089844e+00
1.461752414703369141e+00
1.122240543365478516e+00
9.718970060348510742e-01
1.054190516471862793e+00
1.261646151542663574e+00
1.554348230361938477e+00
1.283726215362548828e+00
8.459197282791137695e-01
7.701725959777832031e-01
1.049295902252197266e+00
1.045616865158081055e+00
7.087119817733764648e-01
8.379052877426147461e-01
1.025508999824523926e+00
7.391244769096374512e-01
7.298390269279479980e-01
9.102421998977661133e-01
7.313263416290283203e-01
6.727787256240844727e-01
8.055751919746398926e-01
6.885221600532531738e-01
6.262002587318420410e-01
7.038007974624633789e-01
6.192085742950439453e-01
5.864807963371276855e-01
6.319907903671264648e-01
5.749575495719909668e-01
5.862717628479003906e-01
6.027827858924865723e-01
5.508875250816345215e-01
5.802263021469116211e-01
5.801993608474731445e-01
5.300676822662353516e-01
5.596458315849304199e-01
5.483310818672180176e-01
5.064763426780700684e-01
5.305958390235900879e-01
5.159818530082702637e-01
4.770672619342803955e-01
4.921068549156188965e-01
5.097681879997253418e-01
4.781177043914794922e-01
4.614940285682678223e-01
4.739634394645690918e-01
4.678695201873779297e-01
4.444029331207275391e-01
4.336307048797607422e-01
4.409362375736236572e-01
4.423010051250457764e-01
4.261464774608612061e-01
4.123032987117767334e-01
4.097728133201599121e-01
4.130670428276062012e-01
4.150429666042327881e-01
4.085578024387359619e-01
3.990626633167266846e-01
3.875839412212371826e-01
3.790391087532043457e-01
3.745130300521850586e-01
3.730869591236114502e-01
3.738316893577575684e-01
3.776704967021942139e-01
3.949718475341796875e-01
4.276609122753143311e-01
5.193958878517150879e-01
5.988445281982421875e-01
7.198582291603088379e-01
5.561686158180236816e-01
3.998166620731353760e-01
3.625982701778411865e-01
4.594967663288116455e-01
5.219852924346923828e-01
4.040238261222839355e-01
3.282308280467987061e-01
3.537037074565887451e-01
4.318682253360748291e-01
5.322877168655395508e-01
4.917182624340057373e-01
4.446224272251129150e-01
3.371974229812622070e-01
3.126961886882781982e-01
3.647147715091705322e-01
3.830670416355133057e-01
3.531620502471923828e-01
3.022784888744354248e-01
3.040638566017150879e-01
3.431935012340545654e-01
3.741905093193054199e-01
4.395553767681121826e-01
4.170475602149963379e-01
3.784125447273254395e-01
3.028047382831573486e-01
2.790094316005706787e-01
3.084632456302642822e-01
3.378080725669860840e-01
3.432458639144897461e-01
3.014657199382781982e-01
2.703337073326110840e-01
2.663176655769348145e-01
2.846601605415344238e-01
3.123408854007720947e-01
3.293904960155487061e-01
3.582690060138702393e-01
3.627743422985076904e-01
4.217970371246337891e-01
3.934684097766876221e-01
3.417851030826568604e-01
2.640684843063354492e-01
2.580756247043609619e-01
3.085911273956298828e-01
3.305054903030395508e-01
3.291849792003631592e-01
2.769730985164642334e-01
2.438032627105712891e-01
2.348578572273254395e-01
2.477675527334213257e-01
2.787541747093200684e-01
3.139780461788177490e-01
3.858726024627685547e-01
4.001736044883728027e-01
4.441891908645629883e-01
3.396559655666351318e-01
2.539047896862030029e-01
2.300437241792678833e-01
2.784732878208160400e-01
3.362551927566528320e-01
3.011519610881805420e-01
2.551680207252502441e-01
2.174578607082366943e-01
2.198829650878906250e-01
2.512916922569274902e-01
2.855996191501617432e-01
3.374080955982208252e-01
3.358920514583587646e-01
3.570896089076995850e-01
2.928198277950286865e-01
2.393127530813217163e-01
2.048691213130950928e-01
2.173780351877212524e-01
2.549833059310913086e-01
2.642400264739990234e-01
2.610128521919250488e-01
2.268382012844085693e-01
2.028879672288894653e-01
1.914455145597457886e-01
1.938535571098327637e-01
2.068475335836410522e-01
2.258058190345764160e-01
2.640800178050994873e-01
2.980785965919494629e-01
3.866361379623413086e-01
3.891569375991821289e-01
4.142885208129882812e-01
2.816395461559295654e-01
1.963475644588470459e-01
2.063514739274978638e-01
2.683651745319366455e-01
3.176943957805633545e-01
2.573261260986328125e-01
2.042526900768280029e-01
1.757598519325256348e-01
1.893405616283416748e-01
2.300107032060623169e-01
2.604186534881591797e-01
2.985773086547851562e-01
2.771132290363311768e-01
2.674285769462585449e-01
2.146442979574203491e-01
1.792072653770446777e-01
1.664414852857589722e-01
1.796977669000625610e-01
2.048663496971130371e-01
2.136813551187515259e-01
2.187962681055068970e-01
2.001854479312896729e-01
1.847531646490097046e-01
1.677682548761367798e-01
1.581439226865768433e-01
1.554081439971923828e-01
1.583804339170455933e-01
1.658234894275665283e-01
1.755705028772354126e-01
1.944471746683120728e-01
2.146584093570709229e-01
2.642786204814910889e-01
2.920486927032470703e-01
3.617778718471527100e-01
3.207533061504364014e-01
2.826492786407470703e-01
1.850849837064743042e-01
1.541981697082519531e-01
1.944103986024856567e-01
2.387958317995071411e-01
2.754262685775756836e-01
2.333722710609436035e-01
1.977454721927642822e-01
1.562793403863906860e-01
1.414215415716171265e-01
1.502352505922317505e-01
1.720938980579376221e-01
2.045488506555557251e-01
2.225242108106613159e-01
2.638075947761535645e-01
2.587070465087890625e-01
2.716078162193298340e-01
2.157875597476959229e-01
1.698843538761138916e-01
1.384687870740890503e-01
1.459710747003555298e-01
1.770998984575271606e-01
1.947838664054870605e-01
2.098620831966400146e-01
1.901948153972625732e-01
1.756230145692825317e-01
1.503801345825195312e-01
1.347455680370330811e-01
1.278374344110488892e-01
1.298651695251464844e-01
1.380674988031387329e-01
1.482752263545989990e-01
1.652472615242004395e-01
1.788685917854309082e-01
2.130010426044464111e-01
2.316714376211166382e-01
2.833695411682128906e-01
2.677699923515319824e-01
2.617598474025726318e-01
1.839460581541061401e-01
1.325744539499282837e-01
1.322872489690780640e-01
1.700583845376968384e-01
2.181249558925628662e-01
2.189769595861434937e-01
2.216785401105880737e-01
1.805917322635650635e-01
1.509617716073989868e-01
1.248661428689956665e-01
1.166404038667678833e-01
1.233881786465644836e-01
1.380364596843719482e-01
1.583707332611083984e-01
1.689077913761138916e-01
1.881636530160903931e-01
1.863475292921066284e-01
1.990721672773361206e-01
1.815299838781356812e-01
1.726172864437103271e-01
1.442108750343322754e-01
1.228050291538238525e-01
1.110381409525871277e-01
1.123510673642158508e-01
1.231094896793365479e-01
1.363097131252288818e-01
1.556945294141769409e-01
1.670044958591461182e-01
1.910730600357055664e-01
1.936868727207183838e-01
2.138247787952423096e-01
1.932592689990997314e-01
1.799504905939102173e-01
1.412782669067382812e-01
1.147823482751846313e-01
1.055999100208282471e-01
1.147422865033149719e-01
1.363900154829025269e-01
1.594129204750061035e-01
2.037444263696670532e-01
2.334876507520675659e-01
3.132790029048919678e-01
3.022954761981964111e-01
3.139803409576416016e-01
1.957148313522338867e-01
1.181591227650642395e-01
1.219148188829421997e-01
1.775099337100982666e-01
2.275558114051818848e-01
1.879061013460159302e-01
1.479670405387878418e-01
1.086737141013145447e-01
1.005655601620674133e-01
1.182390004396438599e-01
1.447167694568634033e-01
1.782493740320205688e-01
1.754905581474304199e-01
1.722187399864196777e-01
1.347573846578598022e-01
1.069232299923896790e-01
9.767900407314300537e-02
1.090741530060768127e-01
1.287970393896102905e-01
1.371921151876449585e-01
1.436905115842819214e-01
1.334145963191986084e-01
1.275689750909805298e-01
1.155483424663543701e-01
1.079836264252662659e-01
1.000864133238792419e-01
9.493624418973922729e-02
9.191071987152099609e-02
9.115008264780044556e-02
9.208769351243972778e-02
9.381471574306488037e-02
9.579714387655258179e-02
9.722761809825897217e-02
9.911566972732543945e-02
1.002044975757598877e-01
1.027958244085311890e-01
1.049060225486755371e-01
1.107891872525215149e-01
1.163377016782760620e-01
1.292160898447036743e-01
1.389616280794143677e-01
1.611722260713577271e-01
1.679329425096511841e-01
1.869480460882186890e-01
1.709333956241607666e-01
1.567597240209579468e-01
1.220398098230361938e-01
9.770879894495010376e-02
8.616552501916885376e-02
8.938767015933990479e-02
1.035949215292930603e-01
1.243524253368377686e-01
1.638483405113220215e-01
2.017181664705276489e-01
2.901972234249114990e-01
3.026783466339111328e-01
3.380250036716461182e-01
2.077600806951522827e-01
1.083410531282424927e-01
1.135375499725341797e-01
1.852059513330459595e-01
2.400102615356445312e-01
1.840851306915283203e-01
1.296808123588562012e-01
8.769343793392181396e-02
8.972747623920440674e-02
1.232568100094795227e-01
1.501046419143676758e-01
1.702461093664169312e-01
1.391523778438568115e-01
1.059198081493377686e-01
8.325754106044769287e-02
9.164353460073471069e-02
1.131290942430496216e-01
1.131818890571594238e-01
1.001156717538833618e-01
8.310999721288681030e-02
7.965250313282012939e-02
8.844801783561706543e-02
1.002692356705665588e-01
1.117427721619606018e-01
1.103282198309898376e-01
1.053483262658119202e-01
9.055976569652557373e-02
8.016896247863769531e-02
7.826142013072967529e-02
8.364815264940261841e-02
9.087881445884704590e-02
9.266826510429382324e-02
9.155462682247161865e-02
8.582169562578201294e-02
8.046825975179672241e-02
7.651146501302719116e-02
7.506314665079116821e-02
7.584713399410247803e-02
7.786899060010910034e-02
8.011139929294586182e-02
8.099659532308578491e-02
8.078455179929733276e-02
7.885488867759704590e-02
7.667215913534164429e-02
7.456589490175247192e-02
7.322233915328979492e-02
7.263953983783721924e-02
7.266876101493835449e-02
7.312835007905960083e-02
7.387103140354156494e-02
7.497099786996841431e-02
7.627204805612564087e-02
7.826160639524459839e-02
8.020777255296707153e-02
8.321984857320785522e-02
8.554356545209884644e-02
8.967063575983047485e-02
9.232502430677413940e-02
9.857033193111419678e-02
1.025104895234107971e-01
1.116043627262115479e-01
1.154453903436660767e-01
1.260704994201660156e-01
1.248311996459960938e-01
1.289420574903488159e-01
1.179985105991363525e-01
1.110983937978744507e-01
9.622830152511596680e-02
8.580712229013442993e-02
7.665888965129852295e-02
7.149597257375717163e-02
6.874173134565353394e-02
6.770490854978561401e-02
6.770087033510208130e-02
6.854903697967529297e-02
7.053911685943603516e-02
7.421446591615676880e-02
8.183853328227996826e-02
9.385010600090026855e-02
1.205169185996055603e-01
1.542556285858154297e-01
2.301777452230453491e-01
2.760711014270782471e-01
3.664287328720092773e-01
2.662270069122314453e-01
1.579054892063140869e-01
7.876299321651458740e-02
1.211117878556251526e-01
2.269588112831115723e-01
2.657178342342376709e-01
3.033338189125061035e-01
1.871936768293380737e-01
9.703648835420608521e-02
8.250137418508529663e-02
1.404567956924438477e-01
1.777500063180923462e-01
1.099313348531723022e-01
7.014863193035125732e-02
9.267889708280563354e-02
1.299736648797988892e-01
1.540214866399765015e-01
1.176214739680290222e-01
8.032109588384628296e-02
6.980664283037185669e-02
9.136755764484405518e-02
1.070378795266151428e-01
8.827266842126846313e-02
6.868983805179595947e-02
6.747058033943176270e-02
8.201068639755249023e-02
9.700626134872436523e-02
9.695282578468322754e-02
8.568348735570907593e-02
6.782420724630355835e-02
6.530177593231201172e-02
7.594207674264907837e-02
8.238255232572555542e-02
7.967726141214370728e-02
6.939963251352310181e-02
6.263855844736099243e-02
6.287962198257446289e-02
6.778004765510559082e-02
7.230769842863082886e-02
7.172233611345291138e-02
6.773933768272399902e-02
6.289444118738174438e-02
6.067315861582756042e-02
6.162849068641662598e-02
6.410635262727737427e-02
6.619440019130706787e-02
6.626868993043899536e-02
6.478695571422576904e-02
6.219379603862762451e-02
5.995271354913711548e-02
5.883824825286865234e-02
5.894865468144416809e-02
5.981437489390373230e-02
6.088460981845855713e-02
6.181175634264945984e-02
6.227085739374160767e-02
6.223770603537559509e-02
6.156668439507484436e-02
6.067032739520072937e-02
5.969821289181709290e-02
5.892900750041007996e-02
5.831331014633178711e-02
5.789507552981376648e-02
5.762348696589469910e-02
5.752948299050331116e-02
5.753709375858306885e-02
5.772981047630310059e-02
5.822710320353507996e-02
5.940375849604606628e-02
6.165319681167602539e-02
6.653829663991928101e-02
7.571007311344146729e-02
9.714630991220474243e-02
1.320468485355377197e-01
2.065090686082839966e-01
2.657715976238250732e-01
3.619007766246795654e-01
2.363389283418655396e-01
1.047613844275474548e-01
8.187673240900039673e-02
1.784642487764358521e-01
3.094544410705566406e-01
3.036609590053558350e-01
2.588677406311035156e-01
9.051417559385299683e-02
1.224620863795280457e-01
2.271983921527862549e-01
1.196037605404853821e-01
6.366301327943801880e-02
1.318080425262451172e-01
1.754407584667205811e-01
1.638549715280532837e-01
8.313744515180587769e-02
6.582231074571609497e-02
1.085865497589111328e-01
9.040148556232452393e-02
6.060428544878959656e-02
7.940863072872161865e-02
9.281150996685028076e-02
7.536379992961883545e-02
5.767631903290748596e-02
6.768826395273208618e-02
7.898572087287902832e-02
6.631059944629669189e-02
5.709366872906684875e-02
6.496655195951461792e-02
7.278167456388473511e-02
7.046438753604888916e-02
6.025615707039833069e-02
5.482710525393486023e-02
5.775275826454162598e-02
6.248635798692703247e-02
6.184697151184082031e-02
5.631523579359054565e-02
5.371182411909103394e-02
5.624237284064292908e-02
5.986098572611808777e-02
6.084818392992019653e-02
5.802752077579498291e-02
5.444292351603507996e-02
5.284049734473228455e-02
5.391008406877517700e-02
5.576002225279808044e-02
5.617563053965568542e-02
5.516027659177780151e-02
5.341905355453491211e-02
5.202894285321235657e-02
5.143458023667335510e-02
5.161578208208084106e-02
5.219453200697898865e-02
5.261671915650367737e-02
5.268592759966850281e-02
5.234173685312271118e-02
5.184182897210121155e-02
5.123574286699295044e-02
5.068826675415039062e-02
5.027763172984123230e-02
5.003619939088821411e-02
4.993084073066711426e-02
4.990741610527038574e-02
4.993810504674911499e-02
5.001108720898628235e-02
5.012459680438041687e-02
5.028525367379188538e-02
5.052819848060607910e-02
5.090413242578506470e-02
5.153656750917434692e-02
5.240649357438087463e-02
5.412037298083305359e-02
5.669677630066871643e-02
6.161041185259819031e-02
6.876862049102783203e-02
8.228071033954620361e-02
9.834748506546020508e-02
1.272577345371246338e-01
1.401661187410354614e-01
1.571381837129592896e-01
1.210647970438003540e-01
8.213344216346740723e-02
5.197773873805999756e-02
5.638075619935989380e-02
8.851997554302215576e-02
1.335954368114471436e-01
2.072343081235885620e-01
2.121929675340652466e-01
1.758237481117248535e-01
7.388042658567428589e-02
8.364939689636230469e-02
1.747023910284042358e-01
2.035838514566421509e-01
2.155889868736267090e-01
1.219613254070281982e-01
6.171606481075286865e-02
8.357944339513778687e-02
1.172308102250099182e-01
1.041838452219963074e-01
5.987706780433654785e-02
5.842970684170722961e-02
9.170137345790863037e-02
1.038714051246643066e-01
8.483857661485671997e-02
5.532853305339813232e-02
7.180659472942352295e-02
8.995963633060455322e-02
6.410246342420578003e-02
5.073448270559310913e-02
6.752377748489379883e-02
8.511679619550704956e-02
8.372101187705993652e-02
5.976669490337371826e-02
5.311433598399162292e-02
6.712879240512847900e-02
6.863187998533248901e-02
5.787665769457817078e-02
4.911568015813827515e-02
5.077144876122474670e-02
5.865264683961868286e-02
6.392725557088851929e-02
6.219525635242462158e-02
5.246014147996902466e-02
4.761956259608268738e-02
5.199286341667175293e-02
5.848584324121475220e-02
6.136979535222053528e-02
5.699428915977478027e-02
5.100567266345024109e-02
4.709107056260108948e-02
4.778195545077323914e-02
5.096167325973510742e-02
5.264620855450630188e-02
5.220419541001319885e-02
4.940089955925941467e-02
4.672979190945625305e-02
4.570931941270828247e-02
4.661629721522331238e-02
4.806990176439285278e-02
4.834537953138351440e-02
4.752641543745994568e-02
4.628088697791099548e-02
4.538187757134437561e-02
4.489878565073013306e-02
4.490031674504280090e-02
4.529437050223350525e-02
4.570041224360466003e-02
4.584777355194091797e-02
4.560540243983268738e-02
4.527022689580917358e-02
4.488607123494148254e-02
4.452338442206382751e-02
4.420349374413490295e-02
4.397754371166229248e-02
4.377875849604606628e-02
4.358537122607231140e-02
4.341469332575798035e-02
4.328413307666778564e-02
4.317805543541908264e-02
4.307061806321144104e-02
4.296965897083282471e-02
4.288871213793754578e-02
4.281704127788543701e-02
4.274639114737510681e-02
4.269902408123016357e-02
4.268657416105270386e-02
4.272781312465667725e-02
4.288249462842941284e-02
4.327099770307540894e-02
4.410564899444580078e-02
4.594870284199714661e-02
4.962293058633804321e-02
5.820396170020103455e-02
7.346132397651672363e-02
1.092031225562095642e-01
1.493632346391677856e-01
2.275121212005615234e-01
1.803803294897079468e-01
1.105747818946838379e-01
5.171850696206092834e-02
1.064219847321510315e-01
2.290261089801788330e-01
2.645207047462463379e-01
2.373514324426651001e-01
7.375674694776535034e-02
1.728060543537139893e-01
2.686247527599334717e-01
8.017028123140335083e-02
9.238546341657638550e-02
2.875008285045623779e-01
3.032355010509490967e-01
1.812636107206344604e-01
1.092072948813438416e-01
2.583902478218078613e-01
1.985354125499725342e-01
5.448435246944427490e-02
1.909471899271011353e-01
3.582231402397155762e-01
2.164022922515869141e-01
7.097297906875610352e-02
1.335516721010208130e-01
1.577904373407363892e-01
7.275849580764770508e-02
6.125836446881294250e-02
1.615303754806518555e-01
3.717620074748992920e-01
4.708938598632812500e-01
6.041131615638732910e-01
2.151287943124771118e-01
9.081229567527770996e-02
2.814769148826599121e-01
1.991346776485443115e-01
6.059002876281738281e-02
1.199612617492675781e-01
2.750310301780700684e-01
3.750782012939453125e-01
2.370450049638748169e-01
8.196347206830978394e-02
1.064687445759773254e-01
1.471178680658340454e-01
6.978783011436462402e-02
9.257204085588455200e-02
1.040065810084342957e-01
6.158493086695671082e-02
6.241011247038841248e-02
1.038942411541938782e-01
1.175194680690765381e-01
6.993733346462249756e-02
5.397523939609527588e-02
8.074148744344711304e-02
7.362441718578338623e-02
4.889377951622009277e-02
5.515607446432113647e-02
7.363466918468475342e-02
7.117121666669845581e-02
4.967335984110832214e-02
4.862082004547119141e-02
6.335143744945526123e-02
5.949742347002029419e-02
4.629471898078918457e-02
4.681643843650817871e-02
5.551973730325698853e-02
5.377067625522613525e-02
4.501592740416526794e-02
4.677386209368705750e-02
5.164759233593940735e-02
4.682797938585281372e-02
4.313077405095100403e-02
4.682536795735359192e-02
4.917094856500625610e-02
4.617239907383918762e-02
4.243614897131919861e-02
4.345973208546638489e-02
4.579764977097511292e-02
4.449985548853874207e-02
4.197653755545616150e-02
4.196483269333839417e-02
4.356795921921730042e-02
4.391187801957130432e-02
4.248045757412910461e-02
4.115103557705879211e-02
4.122254997491836548e-02
4.210775718092918396e-02
4.256160557270050049e-02
4.200171306729316711e-02
4.113214462995529175e-02
4.059923812747001648e-02
4.066465049982070923e-02
4.104496166110038757e-02
4.122537001967430115e-02
4.097159206867218018e-02
4.045173525810241699e-02
4.011477530002593994e-02
4.013156518340110779e-02
4.034335538744926453e-02
4.053015634417533875e-02
4.046598076820373535e-02
4.020293056964874268e-02
3.986596316099166870e-02
3.967009857296943665e-02
3.967438265681266785e-02
3.979176655411720276e-02
3.986964747309684753e-02
3.979812189936637878e-02
3.961468487977981567e-02
3.940254822373390198e-02
3.925214707851409912e-02
3.918064385652542114e-02
3.917136043310165405e-02
3.919674456119537354e-02
3.919020667672157288e-02
3.912401944398880005e-02
3.901339322328567505e-02
3.890213370323181152e-02
3.881833329796791077e-02
3.876632452011108398e-02
3.873863071203231812e-02
3.872454538941383362e-02
3.869957476854324341e-02
3.865548223257064819e-02
3.858691453933715820e-02
3.851665556430816650e-02
3.844108805060386658e-02
3.837522119283676147e-02
3.832166641950607300e-02
3.828024119138717651e-02
3.824270144104957581e-02
3.820538148283958435e-02
3.816151991486549377e-02
3.811484575271606445e-02
3.806718438863754272e-02
3.801842406392097473e-02
3.797104209661483765e-02
3.792601451277732849e-02
3.788432478904724121e-02
3.784554824233055115e-02
3.780829161405563354e-02
3.777413070201873779e-02
3.773850575089454651e-02
3.770910203456878662e-02
3.768197074532508850e-02
3.766825795173645020e-02
3.766196593642234802e-02
3.768251091241836548e-02
3.773180395364761353e-02
3.783508017659187317e-02
3.800336644053459167e-02
3.830462694168090820e-02
3.884237632155418396e-02
3.982036560773849487e-02
4.143480584025382996e-02
4.445956647396087646e-02
4.881836101412773132e-02
5.737461149692535400e-02
6.706802546977996826e-02
8.520871400833129883e-02
9.330747276544570923e-02
1.051418036222457886e-01
8.141534030437469482e-02
5.743127316236495972e-02
3.948631137609481812e-02
4.456888511776924133e-02
6.441817432641983032e-02
7.605507969856262207e-02
8.040197938680648804e-02
5.741301551461219788e-02
4.065445438027381897e-02
4.378935322165489197e-02
5.657819658517837524e-02
6.249199435114860535e-02
5.177081748843193054e-02
4.046236351132392883e-02
3.936369717121124268e-02
4.611172154545783997e-02
4.974659532308578491e-02
4.548409581184387207e-02
3.997869789600372314e-02
3.765201196074485779e-02
3.956087306141853333e-02
4.312084242701530457e-02
4.411159455776214600e-02
4.241055995225906372e-02
3.899087011814117432e-02
3.703286498785018921e-02
3.733258694410324097e-02
3.914340957999229431e-02
4.172881320118904114e-02
4.382623732089996338e-02
4.591335728764533997e-02
4.558648541569709778e-02
4.486442729830741882e-02
4.245858639478683472e-02
4.053506627678871155e-02
3.857815265655517578e-02
3.726847842335700989e-02
3.646273165941238403e-02
3.618842735886573792e-02
3.624429926276206970e-02
3.655613958835601807e-02
3.719690814614295959e-02
3.841561824083328247e-02
4.099373519420623779e-02
4.539695382118225098e-02
5.432758107781410217e-02
6.499069184064865112e-02
8.515428006649017334e-02
9.567503631114959717e-02
1.111120805144309998e-01
8.247253298759460449e-02
5.204321816563606262e-02
3.783660009503364563e-02
5.389574542641639709e-02
8.317090570926666260e-02
9.818809479475021362e-02
9.585935622453689575e-02
5.757005512714385986e-02
4.028186202049255371e-02
5.927373096346855164e-02
8.027575910091400146e-02
8.777288347482681274e-02
6.553459912538528442e-02
4.398085922002792358e-02
4.225984215736389160e-02
5.660510808229446411e-02
6.846066564321517944e-02
6.299599260091781616e-02
5.212199687957763672e-02
3.937534987926483154e-02
3.814512863755226135e-02
4.559591412544250488e-02
4.926837235689163208e-02
4.836324602365493774e-02
4.239218309521675110e-02
3.768270090222358704e-02
3.573730215430259705e-02
3.685722872614860535e-02
3.934147208929061890e-02
4.131019860506057739e-02
4.263439401984214783e-02
4.213624447584152222e-02
4.144550114870071411e-02
3.952452540397644043e-02
3.771394863724708557e-02
3.611403703689575195e-02
3.532635420560836792e-02
3.544944897294044495e-02
3.617814183235168457e-02
3.730164095759391785e-02
3.842838108539581299e-02
3.991818055510520935e-02
4.065493121743202209e-02
4.142811521887779236e-02
4.103899002075195312e-02
4.085497558116912842e-02
3.987723588943481445e-02
3.917009010910987854e-02
3.810345008969306946e-02
3.726670518517494202e-02
3.637147694826126099e-02
3.575373813509941101e-02
3.525458648800849915e-02
3.496072813868522644e-02
3.473431989550590515e-02
3.459343686699867249e-02
3.450642898678779602e-02
3.445502370595932007e-02
3.444316238164901733e-02
3.449326381087303162e-02
3.464635834097862244e-02
3.498667851090431213e-02
3.574440628290176392e-02
3.717526420950889587e-02
4.047326743602752686e-02
4.615121707320213318e-02
5.915257334709167480e-02
7.788984477519989014e-02
1.204499602317810059e-01
1.451177000999450684e-01
1.700620949268341064e-01
9.069522470235824585e-02
3.978124260902404785e-02
7.359085232019424438e-02
1.461232304573059082e-01
2.481470406055450439e-01
1.910632401704788208e-01
9.784863889217376709e-02
8.515708893537521362e-02
1.616874784231185913e-01
2.067514806985855103e-01
1.155196502804756165e-01
5.189871415495872498e-02
7.675292342901229858e-02
1.053208857774734497e-01
7.749975472688674927e-02
4.918378591537475586e-02
7.636231184005737305e-02
9.311622381210327148e-02
7.310234010219573975e-02
5.199791863560676575e-02
4.145726189017295837e-02
5.283632874488830566e-02
5.432509258389472961e-02
4.101587459444999695e-02
4.200100898742675781e-02
5.297869071364402771e-02
5.316710472106933594e-02
4.451126977801322937e-02
3.839254379272460938e-02
4.275554418563842773e-02
4.720646888017654419e-02
4.298543557524681091e-02
3.803652152419090271e-02
3.705437108874320984e-02
3.965016454458236694e-02
4.307384043931961060e-02
4.375183954834938049e-02
4.104874655604362488e-02
3.671707585453987122e-02
3.508163988590240479e-02
3.697012737393379211e-02
3.974850103259086609e-02
4.152939096093177795e-02
4.063582420349121094e-02
3.887978196144104004e-02
3.632128983736038208e-02
3.458284959197044373e-02
3.443814069032669067e-02
3.555661067366600037e-02
3.724306449294090271e-02
3.884918242692947388e-02
4.052364826202392578e-02
4.017672315239906311e-02
3.868998214602470398e-02
3.604696691036224365e-02
3.424653410911560059e-02
3.380981832742691040e-02
3.439538553357124329e-02
3.555072471499443054e-02
3.657951205968856812e-02
3.696150332689285278e-02
3.602129220962524414e-02
3.463385626673698425e-02
3.373832255601882935e-02
3.349911421537399292e-02
3.376374021172523499e-02
3.434692323207855225e-02
3.498116135597229004e-02
3.501769900321960449e-02
3.463479876518249512e-02
3.408583253622055054e-02
3.359154611825942993e-02
3.321873396635055542e-02
3.307323530316352844e-02
3.316758945584297180e-02
3.334230557084083557e-02
3.351281583309173584e-02
3.369126841425895691e-02
3.380912914872169495e-02
3.379574790596961975e-02
3.371335938572883606e-02
3.359834477305412292e-02
3.341773524880409241e-02
3.321646898984909058e-02
3.302314877510070801e-02
3.286101669073104858e-02
3.273179009556770325e-02
3.265646845102310181e-02
3.265114128589630127e-02
3.267963975667953491e-02
3.270995244383811951e-02
3.277608752250671387e-02
3.285197913646697998e-02
3.295395523309707642e-02
3.307727351784706116e-02
3.327099606394767761e-02
3.347229212522506714e-02
3.377740830183029175e-02
3.414317965507507324e-02
3.464043885469436646e-02
3.527678921818733215e-02
3.620890527963638306e-02
3.725088760256767273e-02
3.892512619495391846e-02
4.050076007843017578e-02
4.314824193716049194e-02
4.562145844101905823e-02
5.011471360921859741e-02
5.363429710268974304e-02
5.962358787655830383e-02
6.015870720148086548e-02
6.170796602964401245e-02
5.542422458529472351e-02
4.897055029869079590e-02
4.029105603694915771e-02
3.451083227992057800e-02
3.235999867320060730e-02
3.359970450401306152e-02
3.705918416380882263e-02
4.133755713701248169e-02
4.662038758397102356e-02
5.012171715497970581e-02
5.433580279350280762e-02
5.385742336511611938e-02
5.354297533631324768e-02
4.833825677633285522e-02
4.380199685692787170e-02
3.839249536395072937e-02
3.461831435561180115e-02
3.238592669367790222e-02
3.189812228083610535e-02
3.273367509245872498e-02
3.440517932176589966e-02
3.680828958749771118e-02
3.947389870882034302e-02
4.339244961738586426e-02
4.678697511553764343e-02
5.186279863119125366e-02
5.393181368708610535e-02
5.762888118624687195e-02
5.515368282794952393e-02
5.327803641557693481e-02
4.649225994944572449e-02
4.072256758809089661e-02
3.515835106372833252e-02
3.220730647444725037e-02
3.186462819576263428e-02
3.346626088023185730e-02
3.621115908026695251e-02
3.923737630248069763e-02
4.241602495312690735e-02
4.422942548990249634e-02
4.643371328711509705e-02
4.623853787779808044e-02
4.646331816911697388e-02
4.397753253579139709e-02
4.203822091221809387e-02
3.906198590993881226e-02
3.675574809312820435e-02
3.453480079770088196e-02
3.293829783797264099e-02
3.186395764350891113e-02
3.128951042890548706e-02
3.111181780695915222e-02
3.123378381133079529e-02
3.160057961940765381e-02
3.219055011868476868e-02
3.311788663268089294e-02
3.445544838905334473e-02
3.664313629269599915e-02
3.967870399355888367e-02
4.531801864504814148e-02
5.262564495205879211e-02
6.693235039710998535e-02
7.884509861469268799e-02
9.956284612417221069e-02
9.463374316692352295e-02
8.420248329639434814e-02
5.351414531469345093e-02
3.468619287014007568e-02
3.495174646377563477e-02
4.973687231540679932e-02
7.187994569540023804e-02
8.396082371473312378e-02
8.269544690847396851e-02
5.629134178161621094e-02
3.571173921227455139e-02
3.377617150545120239e-02
4.581732675433158875e-02
6.862653791904449463e-02
8.602177351713180542e-02
9.003688395023345947e-02
6.046875566244125366e-02
3.721410036087036133e-02
3.261350095272064209e-02
4.223479703068733215e-02
6.135879829525947571e-02
7.792337983846664429e-02
8.441987633705139160e-02
5.690461397171020508e-02
3.471808880567550659e-02
3.360132500529289246e-02
4.832721501588821411e-02
7.512612640857696533e-02
9.694159030914306641e-02
1.045813933014869690e-01
6.173700094223022461e-02
3.342882916331291199e-02
3.838795796036720276e-02
6.497718393802642822e-02
1.142162084579467773e-01
1.324967592954635620e-01
1.083738431334495544e-01
4.164401441812515259e-02
4.299108311533927917e-02
1.064350306987762451e-01
1.882810145616531372e-01
3.213066458702087402e-01
1.714257448911666870e-01
5.985033139586448669e-02
1.842661648988723755e-01
3.100720345973968506e-01
4.185298383235931396e-01
2.086416929960250854e-01
1.052043214440345764e-01
1.529966294765472412e-01
1.531917154788970947e-01
1.222833395004272461e-01
5.098707973957061768e-02
5.797727033495903015e-02
1.270436942577362061e-01
2.057596743106842041e-01
2.432858198881149292e-01
1.411014348268508911e-01
5.767037346959114075e-02
7.584339380264282227e-02
1.373221129179000854e-01
1.490262299776077271e-01
9.781634062528610229e-02
7.405252009630203247e-02
5.058581754565238953e-02
4.971745237708091736e-02
6.620135158300399780e-02
6.213092058897018433e-02
4.933521151542663574e-02
5.140767619013786316e-02
6.058890745043754578e-02
6.006562337279319763e-02
4.886192455887794495e-02
4.387469589710235596e-02
4.829300940036773682e-02
5.149874463677406311e-02
4.793348535895347595e-02
4.253987222909927368e-02
4.205146059393882751e-02
4.703671112656593323e-02
5.180407315492630005e-02
5.281928181648254395e-02
4.579624906182289124e-02
4.034389555454254150e-02
4.509807378053665161e-02
5.042890459299087524e-02
4.746735468506813049e-02
3.932235762476921082e-02
3.689763322472572327e-02
4.133258387446403503e-02
4.629739001393318176e-02
5.070886015892028809e-02
4.531159996986389160e-02
3.742964193224906921e-02
4.016898199915885925e-02
4.517040401697158813e-02
4.310116171836853027e-02
3.696362301707267761e-02
3.671049699187278748e-02
4.048103466629981995e-02
3.973255679011344910e-02
3.632527962327003479e-02
3.646056726574897766e-02
3.855405002832412720e-02
3.787737339735031128e-02
3.533833473920822144e-02
3.480164706707000732e-02
3.637837991118431091e-02
3.671156615018844604e-02
3.533327206969261169e-02
3.429129719734191895e-02
3.502269461750984192e-02
3.601672127842903137e-02
3.554040938615798950e-02
3.436295688152313232e-02
3.396780416369438171e-02
3.450272232294082642e-02
3.471044078469276428e-02
3.417735174298286438e-02
3.368486091494560242e-02
3.379535675048828125e-02
3.409622237086296082e-02
3.400462120771408081e-02
3.365039080381393433e-02
3.350698947906494141e-02
3.363003954291343689e-02
3.369762375950813293e-02
3.352307900786399841e-02
3.326806798577308655e-02
3.319806978106498718e-02
3.328001126646995544e-02
3.329231962561607361e-02
3.315687924623489380e-02
3.301120176911354065e-02
3.298263624310493469e-02
3.302837163209915161e-02
3.300967812538146973e-02
3.289393335580825806e-02
3.278646245598793030e-02
3.275828063488006592e-02
3.276598826050758362e-02
3.273679688572883606e-02
3.266176581382751465e-02
3.258841112256050110e-02
3.254876658320426941e-02
3.253681957721710205e-02
3.251561522483825684e-02
3.246141225099563599e-02
3.239310905337333679e-02
3.234802186489105225e-02
3.232866153120994568e-02
3.230638429522514343e-02
3.226273879408836365e-02
3.220934793353080750e-02
3.216773644089698792e-02
3.213817998766899109e-02
3.211201727390289307e-02
3.207923099398612976e-02
3.203776478767395020e-02
3.199324756860733032e-02
3.195663914084434509e-02
3.192871809005737305e-02
3.190124407410621643e-02
3.186675533652305603e-02
3.182822838425636292e-02
3.179166838526725769e-02
3.175921365618705750e-02
3.172990307211875916e-02
3.170138970017433167e-02
3.167015314102172852e-02
3.163601085543632507e-02
3.160224854946136475e-02
3.157144412398338318e-02
3.154322504997253418e-02
3.151538223028182983e-02
3.148607537150382996e-02
3.145483136177062988e-02
3.142308443784713745e-02
3.139339387416839600e-02
3.136589378118515015e-02
3.133861720561981201e-02
3.131022304296493530e-02
3.128109872341156006e-02
3.125201910734176636e-02
3.122374974191188812e-02
3.119662404060363770e-02
3.117005154490470886e-02
3.114326670765876770e-02
3.111612424254417419e-02
3.108886070549488068e-02
3.106171451508998871e-02
3.103510290384292603e-02
3.100902214646339417e-02
3.098336234688758850e-02
3.095799684524536133e-02
3.093257546424865723e-02
3.090694732964038849e-02
3.088098578155040741e-02
3.085516579449176788e-02
3.082955628633499146e-02
3.080420196056365967e-02
3.077900968492031097e-02
3.075435757637023926e-02
3.072995506227016449e-02
3.070556744933128357e-02
3.068090975284576416e-02
3.065614029765129089e-02
3.063134104013442993e-02
3.060682304203510284e-02
3.058262355625629425e-02
3.055875189602375031e-02
3.053526952862739563e-02
3.051196411252021790e-02
3.048859909176826477e-02
3.046507947146892548e-02
3.044163063168525696e-02
3.041820041835308075e-02
3.039484284818172455e-02
3.037170320749282837e-02
3.034899570047855377e-02
3.032650426030158997e-02
3.030405566096305847e-02
3.028156235814094543e-02
3.025897406041622162e-02
3.023649379611015320e-02
3.021399118006229401e-02
3.019157424569129944e-02
3.016922809183597565e-02
3.014701232314109802e-02
3.012499399483203888e-02
3.010321035981178284e-02
3.008141741156578064e-02
3.005967848002910614e-02
3.003790229558944702e-02
3.001615777611732483e-02
2.999446541070938110e-02
2.997268550097942352e-02
2.995119616389274597e-02
2.992970123887062073e-02
2.990828640758991241e-02
2.988686598837375641e-02
2.986554801464080811e-02
2.984427474439144135e-02
2.982307597994804382e-02
2.980183996260166168e-02
2.978063374757766724e-02
2.975943125784397125e-02
2.973832748830318451e-02
2.971728146076202393e-02
2.969591505825519562e-02
2.967472560703754425e-02
2.965355850756168365e-02
2.963239885866641998e-02
2.961191721260547638e-02
2.959146723151206970e-02
2.957203611731529236e-02
2.955358102917671204e-02
2.953907847404479980e-02
2.952766790986061096e-02
2.952239476144313812e-02
2.952243760228157043e-02
2.952938340604305267e-02
2.953186631202697754e-02
2.954702824354171753e-02
2.955510094761848450e-02
2.957337908446788788e-02
2.959696762263774872e-02
2.961557544767856598e-02
2.963846735656261444e-02
2.966210246086120605e-02
2.970343641936779022e-02
2.975795231759548187e-02
2.984231151640415192e-02
2.991448529064655304e-02
3.003339283168315887e-02
3.017814271152019501e-02
3.041906841099262238e-02
3.074049949645996094e-02
3.137076646089553833e-02
3.219898045063018799e-02
3.371898457407951355e-02
3.539915755391120911e-02
3.846340253949165344e-02
4.154104739427566528e-02
4.692272469401359558e-02
5.178261920809745789e-02
6.056043878197669983e-02
6.535910815000534058e-02
7.384089380502700806e-02
7.115674018859863281e-02
6.949665397405624390e-02
5.759536847472190857e-02
4.710823670029640198e-02
3.669727221131324768e-02
3.076085820794105530e-02
2.900414541363716125e-02
3.082859702408313751e-02
3.501044213771820068e-02
3.934178873896598816e-02
4.361752420663833618e-02
4.486023262143135071e-02
4.632244259119033813e-02
4.422297328710556030e-02
4.278161004185676575e-02
3.872561454772949219e-02
3.527633100748062134e-02
3.166715800762176514e-02
2.937988191843032837e-02
2.867089025676250458e-02
2.922097221016883850e-02
3.061558306217193604e-02
3.215316683053970337e-02
3.351645171642303467e-02
3.391763940453529358e-02
3.409833833575248718e-02
3.344310447573661804e-02
3.280671685934066772e-02
3.162574768066406250e-02
3.053882904350757599e-02
2.953054010868072510e-02
2.877780981361865997e-02
2.840576134622097015e-02
2.828080952167510986e-02
2.834910899400711060e-02
2.856816351413726807e-02
2.892040647566318512e-02
2.940793894231319427e-02
3.002963587641716003e-02
3.078193403780460358e-02
3.187978640198707581e-02
3.288836404681205750e-02
3.421390429139137268e-02
3.507244586944580078e-02
3.642994165420532227e-02
3.748545795679092407e-02
3.957522660493850708e-02
4.119434207677841187e-02
4.385602101683616638e-02
4.521688446402549744e-02
4.772858694195747375e-02
4.848267510533332825e-02
5.091935396194458008e-02
5.004412308335304260e-02
4.992841556668281555e-02
4.602423310279846191e-02
4.295280575752258301e-02
3.888069838285446167e-02
3.619432449340820312e-02
3.386257216334342957e-02
3.213593736290931702e-02
3.064441494643688202e-02
2.956351265311241150e-02
2.876842208206653595e-02
2.828579768538475037e-02
2.794689871370792389e-02
2.778626419603824615e-02
2.771320194005966187e-02
2.771004661917686462e-02
2.778097987174987793e-02
2.793761342763900757e-02
2.820123545825481415e-02
2.865186519920825958e-02
2.942630089819431305e-02
3.040142171084880829e-02
3.203231841325759888e-02
3.410045802593231201e-02
3.759829699993133545e-02
4.205835610628128052e-02
4.948673769831657410e-02
5.664225667715072632e-02
6.856060028076171875e-02
7.384117692708969116e-02
8.177297562360763550e-02
7.570192962884902954e-02
6.897217780351638794e-02
5.345108360052108765e-02
4.133383557200431824e-02
3.265867382287979126e-02
2.849403396248817444e-02
2.754292637109756470e-02
2.905971929430961609e-02
3.232654556632041931e-02
3.684089705348014832e-02
4.357564076781272888e-02
5.079778656363487244e-02
6.424808502197265625e-02
7.206543534994125366e-02
8.286596089601516724e-02
7.465838640928268433e-02
6.623341888189315796e-02
4.996411502361297607e-02
3.705126792192459106e-02
2.939888834953308105e-02
2.787250280380249023e-02
3.092700615525245667e-02
3.720664605498313904e-02
4.545016214251518250e-02
5.017218366265296936e-02
5.161754414439201355e-02
4.687888175249099731e-02
4.358771443367004395e-02
3.836650401353836060e-02
3.474999591708183289e-02
3.159641474485397339e-02
2.943546697497367859e-02
2.799744345247745514e-02
2.720621973276138306e-02
2.695312537252902985e-02
2.709384635090827942e-02
2.750246413052082062e-02
2.810523472726345062e-02
2.895133197307586670e-02
3.002061694860458374e-02
3.143844008445739746e-02
3.295065835118293762e-02
3.491319343447685242e-02
3.673604503273963928e-02
3.932565823197364807e-02
4.117221012711524963e-02
4.418918490409851074e-02
4.525521397590637207e-02
4.711510241031646729e-02
4.615313559770584106e-02
4.586247727274894714e-02
4.333661869168281555e-02
4.121674969792366028e-02
3.796578571200370789e-02
3.542497381567955017e-02
3.266550600528717041e-02
3.072604909539222717e-02
2.889229543507099152e-02
2.773604728281497955e-02
2.703865431249141693e-02
2.669438533484935760e-02
2.655792608857154846e-02
2.655968256294727325e-02
2.666505984961986542e-02
2.688552066683769226e-02
2.724559046328067780e-02
2.782994136214256287e-02
2.881324291229248047e-02
3.026457875967025757e-02
3.254022449254989624e-02
3.569726273417472839e-02
4.101532325148582458e-02
4.697660729289054871e-02
5.662154406309127808e-02
6.376690417528152466e-02
7.264267653226852417e-02
7.073590904474258423e-02
6.666266173124313354e-02
5.441354215145111084e-02
4.354478418827056885e-02
3.431896120309829712e-02
2.898288331925868988e-02
2.669581212103366852e-02
2.699429914355278015e-02
2.922599948942661285e-02
3.248605504631996155e-02
3.696849569678306580e-02
4.141291975975036621e-02
4.880911111831665039e-02
5.457074940204620361e-02
6.383382529020309448e-02
6.533121317625045776e-02
6.805686652660369873e-02
6.148773059248924255e-02
5.384590476751327515e-02
4.246095195412635803e-02
3.327020257711410522e-02
2.807212248444557190e-02
2.638441696763038635e-02
2.708339132368564606e-02
2.957570925354957581e-02
3.296160697937011719e-02
3.597104921936988831e-02
3.904638439416885376e-02
4.057655856013298035e-02
4.333212599158287048e-02
4.422251880168914795e-02
4.557963833212852478e-02
4.382678493857383728e-02
4.269986227154731750e-02
3.969400376081466675e-02
3.755264356732368469e-02
3.464986011385917664e-02
3.203712403774261475e-02
2.974167466163635254e-02
2.808854170143604279e-02
2.708295732736587524e-02
2.645131573081016541e-02
2.605983987450599670e-02
2.584572322666645050e-02
2.577721327543258667e-02
2.583205141127109528e-02
2.595968917012214661e-02
2.616722509264945984e-02
2.656838111579418182e-02
2.712711691856384277e-02
2.803309448063373566e-02
2.937902137637138367e-02
3.181971982121467590e-02
3.564880415797233582e-02
4.210223257541656494e-02
5.041900277137756348e-02
6.248097121715545654e-02
7.286502420902252197e-02
8.627374470233917236e-02
8.481031656265258789e-02
8.180264383554458618e-02
6.364213675260543823e-02
4.751043766736984253e-02
3.403024747967720032e-02
2.719433791935443878e-02
2.610697411000728607e-02
2.924391999840736389e-02
3.533907234668731689e-02
4.184297844767570496e-02
4.727897793054580688e-02
4.785450920462608337e-02
4.617688432335853577e-02
4.076622053980827332e-02
3.566024824976921082e-02
3.082930482923984528e-02
2.753091230988502502e-02
2.580248750746250153e-02
2.547840215265750885e-02
2.626058273017406464e-02
2.801370248198509216e-02
3.075853921473026276e-02
3.432617336511611938e-02
3.958077728748321533e-02
4.580471292138099670e-02
5.381592735648155212e-02
5.888925120234489441e-02
6.330648064613342285e-02
5.908655002713203430e-02
5.450228229165077209e-02
4.460468888282775879e-02
3.657152876257896423e-02
3.029679507017135620e-02
2.684035152196884155e-02
2.547946386039257050e-02
2.573239803314208984e-02
2.710289508104324341e-02
2.932119742035865784e-02
3.229937329888343811e-02
3.517584130167961121e-02
3.838599473237991333e-02
4.036931321024894714e-02
4.199205711483955383e-02
4.185026511549949646e-02
4.168974980711936951e-02
4.076656699180603027e-02
4.008837416768074036e-02
3.854992985725402832e-02
3.791350126266479492e-02
3.673925995826721191e-02
3.636382520198822021e-02
3.590846806764602661e-02
3.588562458753585815e-02
3.568202629685401917e-02
3.571460396051406860e-02
3.526749089360237122e-02
3.490767627954483032e-02
3.409102931618690491e-02
3.366470336914062500e-02
3.292827308177947998e-02
3.252088278532028198e-02
3.214158490300178528e-02
3.215154632925987244e-02
3.230167552828788757e-02
3.280398249626159668e-02
3.346616029739379883e-02
3.466838598251342773e-02
3.607610613107681274e-02
3.854292631149291992e-02
4.090714827179908752e-02
4.432984068989753723e-02
4.659933224320411682e-02
4.967996850609779358e-02
5.081290751695632935e-02
5.234375968575477600e-02
5.034106224775314331e-02
4.789859056472778320e-02
4.260308668017387390e-02
3.806496039032936096e-02
3.336673974990844727e-02
2.997482195496559143e-02
2.732714451849460602e-02
2.572466805577278137e-02
2.492853254079818726e-02
2.468458376824855804e-02
2.484842389822006226e-02
2.527265623211860657e-02
2.590948157012462616e-02
2.665591984987258911e-02
2.781008183956146240e-02
2.929195761680603027e-02
3.145183250308036804e-02
3.430957719683647156e-02
3.855080530047416687e-02
4.405923932790756226e-02
5.246724188327789307e-02
5.995905399322509766e-02
6.850180029869079590e-02
6.966859102249145508e-02
6.930407881736755371e-02
6.046995520591735840e-02
5.164653435349464417e-02
4.060209169983863831e-02
3.238965943455696106e-02
2.696572616696357727e-02
2.481695823371410370e-02
2.514371089637279510e-02
2.730786055326461792e-02
3.071746788918972015e-02
3.407038375735282898e-02
3.738032281398773193e-02
3.905925899744033813e-02
4.023233428597450256e-02
3.939065337181091309e-02
3.809465095400810242e-02
3.555038198828697205e-02
3.344289213418960571e-02
3.133910894393920898e-02
2.993875555694103241e-02
2.877348661422729492e-02
2.800322324037551880e-02
2.753991633653640747e-02
2.745811268687248230e-02
2.762790210545063019e-02
2.814968861639499664e-02
2.880571782588958740e-02
2.989385835826396942e-02
3.136790916323661804e-02
3.392485156655311584e-02
3.671533986926078796e-02
4.096487537026405334e-02
4.517371952533721924e-02
5.095595493912696838e-02
5.517905578017234802e-02
6.002921238541603088e-02
6.019045412540435791e-02
5.959093943238258362e-02
5.368192493915557861e-02
4.726944118738174438e-02
3.898629546165466309e-02
3.230079635977745056e-02
2.721613645553588867e-02
2.470840327441692352e-02
2.425250783562660217e-02
2.533171325922012329e-02
2.743063494563102722e-02
2.982981689274311066e-02
3.260294348001480103e-02
3.466304764151573181e-02
3.682642802596092224e-02
3.807373344898223877e-02
3.911374136805534363e-02
3.880244866013526917e-02
3.826009109616279602e-02
3.656947985291481018e-02
3.531087934970855713e-02
3.343649953603744507e-02
3.200502693653106689e-02
3.037940897047519684e-02
2.917741239070892334e-02
2.804914303123950958e-02
2.722148783504962921e-02
2.637330256402492523e-02
2.584125846624374390e-02
2.542334794998168945e-02
2.516885846853256226e-02
2.503969520330429077e-02
2.500908635556697845e-02
2.505138143897056580e-02
2.523234859108924866e-02
2.557045407593250275e-02
2.611984126269817352e-02
2.704712003469467163e-02
2.863732352852821350e-02
3.104006871581077576e-02
3.522641584277153015e-02
4.078961536288261414e-02
4.956869408488273621e-02
5.877002328634262085e-02
7.174095511436462402e-02
7.985473424196243286e-02
8.695516735315322876e-02
7.809524238109588623e-02
6.470294296741485596e-02
4.671923816204071045e-02
3.419557213783264160e-02
2.652539685368537903e-02
2.402480319142341614e-02
2.585631422698497772e-02
3.038829565048217773e-02
3.600136935710906982e-02
4.079280048608779907e-02
4.421193525195121765e-02
4.394180327653884888e-02
4.217854887247085571e-02
3.801597282290458679e-02
3.369864448904991150e-02
2.906335704028606415e-02
2.588638849556446075e-02
2.409445680677890778e-02
2.367159537971019745e-02
2.428100071847438812e-02
2.570932172238826752e-02
2.784539945423603058e-02
3.039292618632316589e-02
3.379696235060691833e-02
3.737392276525497437e-02
4.208385199308395386e-02
4.548735544085502625e-02
4.920656606554985046e-02
4.931710660457611084e-02
4.978059604763984680e-02
4.695089161396026611e-02
4.368587955832481384e-02
3.860092535614967346e-02
3.414032235741615295e-02
3.001286461949348450e-02
2.677063830196857452e-02
2.464358881115913391e-02
2.365741878747940063e-02
2.365026623010635376e-02
2.439531870186328888e-02
2.558711543679237366e-02
2.685278654098510742e-02
2.814674749970436096e-02
2.901579439640045166e-02
3.005767613649368286e-02
3.058921359479427338e-02
3.146737068891525269e-02
3.223810344934463501e-02
3.351818025112152100e-02
3.471834957599639893e-02
3.649996966123580933e-02
3.809488937258720398e-02
4.027866572141647339e-02
4.172236844897270203e-02
4.348247498273849487e-02
4.331148043274879456e-02
4.326816275715827942e-02
4.117147251963615417e-02
3.921865671873092651e-02
3.606230393052101135e-02
3.337234631180763245e-02
3.040974959731101990e-02
2.779469639062881470e-02
2.570916153490543365e-02
2.426141686737537384e-02
2.345047704875469208e-02
2.327261306345462799e-02
2.360098436474800110e-02
2.425220794975757599e-02
2.510415762662887573e-02
2.608198300004005432e-02
2.734674885869026184e-02
2.887758053839206696e-02
3.119045868515968323e-02
3.392124176025390625e-02
3.811045363545417786e-02
4.298181831836700439e-02
5.027888342738151550e-02
5.701762810349464417e-02
6.466605514287948608e-02
6.732531636953353882e-02
6.860008835792541504e-02
6.118398904800415039e-02
5.303867906332015991e-02
4.201175644993782043e-02
3.365670517086982727e-02
2.744242735207080841e-02
2.401906065642833710e-02
2.343058772385120392e-02
2.501618117094039917e-02
2.803514897823333740e-02
3.154844790697097778e-02
3.466875851154327393e-02
3.670522198081016541e-02
3.768650442361831665e-02
3.677315264940261841e-02
3.503165021538734436e-02
3.230220824480056763e-02
3.019138611853122711e-02
2.810640260577201843e-02
2.636074461042881012e-02
2.499147504568099976e-02
2.409769408404827118e-02
2.349558100104331970e-02
2.314885519444942474e-02
2.296505123376846313e-02
2.291691489517688751e-02
2.297590859234333038e-02
2.313920110464096069e-02
2.345437556505203247e-02
2.389467693865299225e-02
2.466224879026412964e-02
2.577527798712253571e-02
2.766409330070018768e-02
3.034218773245811462e-02
3.472877293825149536e-02
4.046793654561042786e-02
4.941472038626670837e-02
5.946863815188407898e-02
7.316979765892028809e-02
8.110919594764709473e-02
8.447392284870147705e-02
7.216437160968780518e-02
5.845703557133674622e-02
4.240845143795013428e-02
3.114648163318634033e-02
2.471824362874031067e-02
2.319885790348052979e-02
2.563851885497570038e-02
3.049842081964015961e-02
3.608033433556556702e-02
4.029273614287376404e-02
4.192522168159484863e-02
4.027096927165985107e-02
3.699499368667602539e-02
3.246570006012916565e-02
2.836441993713378906e-02
2.496706135571002960e-02
2.313904091715812683e-02
2.288333512842655182e-02
2.384565956890583038e-02
2.571079879999160767e-02
2.824197523295879364e-02
3.133535757660865784e-02
3.502584621310234070e-02
4.012269526720046997e-02
4.501650482416152954e-02
5.078053474426269531e-02
5.315414071083068848e-02
5.592825636267662048e-02
5.249048024415969849e-02
4.797806590795516968e-02
4.079614579677581787e-02
3.450014442205429077e-02
2.898901700973510742e-02
2.504750341176986694e-02
2.311291918158531189e-02
2.288635447621345520e-02
2.392232790589332581e-02
2.576622925698757172e-02
2.785767801105976105e-02
2.969101443886756897e-02
3.092241287231445312e-02
3.128246590495109558e-02
3.093874640762805939e-02
2.977404557168483734e-02
2.880315482616424561e-02
2.768777310848236084e-02
2.674918062984943390e-02
2.581140212714672089e-02
2.522881701588630676e-02
2.476236410439014435e-02
2.442801743745803833e-02
2.413891255855560303e-02
2.395512536168098450e-02
2.384433522820472717e-02
2.385854907333850861e-02
2.391978725790977478e-02
2.406232990324497223e-02
2.417819015681743622e-02
2.454910054802894592e-02
2.499651722609996796e-02
2.586118318140506744e-02
2.693033404648303986e-02
2.881210297346115112e-02
3.144142031669616699e-02
3.577536717057228088e-02
4.095455259084701538e-02
4.803332686424255371e-02
5.417662486433982849e-02
6.153918057680130005e-02
6.395623087882995605e-02
6.465312838554382324e-02
5.855964124202728271e-02
5.134021490812301636e-02
4.113259166479110718e-02
3.256460279226303101e-02
2.643856778740882874e-02
2.319034561514854431e-02
2.269655093550682068e-02
2.425246685743331909e-02
2.714852802455425262e-02
3.067313693463802338e-02
3.426478058099746704e-02
3.704043850302696228e-02
3.867629170417785645e-02
3.934508934617042542e-02
3.972710669040679932e-02
3.842091560363769531e-02
3.716205433011054993e-02
3.450625762343406677e-02
3.268287330865859985e-02
3.051861561834812164e-02
2.864645980298519135e-02
2.702233940362930298e-02
2.571185491979122162e-02
2.467083372175693512e-02
2.392505854368209839e-02
2.334441430866718292e-02
2.292383648455142975e-02
2.259818278253078461e-02
2.239360846579074860e-02
2.225612476468086243e-02
2.219079248607158661e-02
2.218715474009513855e-02
2.222083695232868195e-02
2.229103073477745056e-02
2.240641228854656219e-02
2.259539626538753510e-02
2.285544387996196747e-02
2.322967350482940674e-02
2.380801923573017120e-02
2.498328499495983124e-02
2.673233859241008759e-02
2.985758334398269653e-02
3.448267281055450439e-02
4.267454892396926880e-02
5.355424061417579651e-02
6.854721903800964355e-02
8.111108839511871338e-02
9.291733801364898682e-02
8.691301196813583374e-02
7.339164614677429199e-02
4.993068426847457886e-02
3.357116878032684326e-02
2.451045624911785126e-02
2.272732369601726532e-02
2.649848535656929016e-02
3.312578052282333374e-02
4.038272053003311157e-02
4.612092673778533936e-02
4.747734591364860535e-02
4.286814481019973755e-02
3.631216287612915039e-02
2.973081544041633606e-02
2.497183904051780701e-02
2.255921997129917145e-02
2.269705571234226227e-02
2.487439848482608795e-02
2.844473347067832947e-02
3.313193097710609436e-02
3.769271820783615112e-02
4.172490537166595459e-02
4.462308809161186218e-02
4.812177270650863647e-02
4.854747280478477478e-02
4.758742451667785645e-02
4.206881672143936157e-02
3.722195699810981750e-02
3.174798190593719482e-02
2.742878161370754242e-02
2.417578734457492828e-02
2.239862084388732910e-02
2.212356775999069214e-02
2.291973680257797241e-02
2.443669736385345459e-02
2.623444795608520508e-02
2.812605351209640503e-02
2.985394746065139771e-02
3.117983974516391754e-02
3.159597143530845642e-02
3.134608641266822815e-02
3.059178963303565979e-02
3.002945333719253540e-02
2.890086360275745392e-02
2.771693840622901917e-02
2.654816024005413055e-02
2.586465887725353241e-02
2.530517429113388062e-02
2.466320432722568512e-02
2.416188456118106842e-02
2.377162873744964600e-02
2.349998801946640015e-02
2.326580882072448730e-02
2.302875928580760956e-02
2.284361608326435089e-02
2.272918634116649628e-02
2.262907475233078003e-02
2.254313230514526367e-02
2.246631309390068054e-02
2.243433333933353424e-02
2.247818559408187866e-02
2.257492579519748688e-02
2.275371365249156952e-02
2.301089093089103699e-02
2.341396361589431763e-02
2.402283251285552979e-02
2.503583021461963654e-02
2.643081545829772949e-02
2.882792241871356964e-02
3.243236243724822998e-02
3.874484449625015259e-02
4.677664488554000854e-02
5.818227306008338928e-02
6.881098449230194092e-02
8.066586405038833618e-02
8.021245151758193970e-02
7.280407100915908813e-02
5.367914214730262756e-02
3.723380714654922485e-02
2.653009071946144104e-02
2.232703566551208496e-02
2.366775460541248322e-02
2.861898019909858704e-02
3.521832078695297241e-02
4.133265092968940735e-02
4.387140646576881409e-02
4.181290417909622192e-02
3.738919645547866821e-02
3.190781548619270325e-02
2.677609957754611969e-02
2.313709445297718048e-02
2.189609594643115997e-02
2.265464514493942261e-02
2.492011897265911102e-02
2.801596745848655701e-02
3.170006349682807922e-02
3.640825673937797546e-02
4.131783545017242432e-02
4.718617722392082214e-02
5.017188191413879395e-02
5.286342650651931763e-02
5.136768519878387451e-02
4.988794401288032532e-02
4.258131235837936401e-02
3.527719154953956604e-02
2.864972688257694244e-02
2.414480783045291901e-02
2.200099267065525055e-02
2.202275209128856659e-02
2.364258840680122375e-02
2.611553296446800232e-02
2.881610207259654999e-02
3.056244924664497375e-02
3.119965642690658569e-02
3.051115944981575012e-02
2.905529737472534180e-02
2.711319737136363983e-02
2.504259906709194183e-02
2.333888038992881775e-02
2.215760387480258942e-02
2.160735800862312317e-02
2.157889679074287415e-02
2.190912328660488129e-02
2.255161665380001068e-02
2.353764139115810394e-02
2.486114576458930969e-02
2.640668116509914398e-02
2.835994400084018707e-02
3.103237412869930267e-02
3.390005603432655334e-02
3.780815005302429199e-02
4.072398319840431213e-02
4.452275484800338745e-02
4.591853171586990356e-02
4.658252745866775513e-02
4.381312057375907898e-02
3.959131985902786255e-02
3.438160568475723267e-02
2.957428433001041412e-02
2.545925602316856384e-02
2.281415835022926331e-02
2.168938145041465759e-02
2.186215110123157501e-02
2.300699986517429352e-02
2.463771216571331024e-02
2.645590715110301971e-02
2.819077670574188232e-02
2.979991585016250610e-02
3.127028793096542358e-02
3.239984810352325439e-02
3.308307752013206482e-02
3.434699028730392456e-02
3.521152213215827942e-02
3.632785007357597351e-02
3.608914092183113098e-02
3.647759556770324707e-02
3.594953939318656921e-02
3.530158102512359619e-02
3.395102173089981079e-02
3.237827494740486145e-02
3.064416721463203430e-02
2.876539900898933411e-02
2.661681920289993286e-02
2.470259740948677063e-02
2.325153164565563202e-02
2.221542783081531525e-02
2.159686759114265442e-02
2.135825902223587036e-02
2.141431346535682678e-02
2.166426926851272583e-02
2.206446602940559387e-02
2.261530607938766479e-02
2.335276827216148376e-02
2.437930367887020111e-02
2.575323730707168579e-02
2.772748284041881561e-02
3.040213696658611298e-02
3.369689360260963440e-02
3.893995657563209534e-02
4.386476427316665649e-02
5.136608332395553589e-02
5.700382217764854431e-02
6.304237246513366699e-02
6.191721186041831970e-02
5.842197313904762268e-02
4.867503046989440918e-02
3.807945176959037781e-02
2.921887673437595367e-02
2.365476824343204498e-02
2.158289216458797455e-02
2.264998294413089752e-02
2.580045536160469055e-02
2.961727418005466461e-02
3.317344933748245239e-02
3.513270989060401917e-02
3.542178496718406677e-02
3.412137180566787720e-02
3.160424530506134033e-02
2.838370203971862793e-02
2.537688426673412323e-02
2.313402295112609863e-02
2.173440158367156982e-02
2.121275290846824646e-02
2.138641849160194397e-02
2.208791486918926239e-02
2.323226258158683777e-02
2.475808002054691315e-02
2.675455436110496521e-02
2.948541007936000824e-02
3.295589238405227661e-02
3.819521889090538025e-02
4.311956465244293213e-02
5.074959993362426758e-02
5.607442185282707214e-02
6.198085471987724304e-02
6.000140681862831116e-02
5.734864622354507446e-02
4.987417533993721008e-02
4.149663075804710388e-02
3.199998289346694946e-02
2.532760240137577057e-02
2.191125042736530304e-02
2.154282666742801666e-02
2.335579320788383484e-02
2.620151452720165253e-02
2.921833470463752747e-02
3.134658560156822205e-02
3.150996938347816467e-02
2.992747351527214050e-02
2.779817581176757812e-02
2.553478442132472992e-02
2.348200604319572449e-02
2.190359123051166534e-02
2.123887464404106140e-02
2.120774425566196442e-02
2.178049087524414062e-02
2.258677221834659576e-02
2.380876615643501282e-02
2.537838183343410492e-02
2.737746946513652802e-02
2.948661893606185913e-02
3.150098398327827454e-02
3.467476740479469299e-02
3.756311535835266113e-02
4.165353998541831970e-02
4.325174167752265930e-02
4.659602791070938110e-02
4.740160331130027771e-02
4.827641695737838745e-02
4.497659578919410706e-02
4.124872013926506042e-02
3.647224232554435730e-02
3.193020820617675781e-02
2.729099616408348083e-02
2.368139661848545074e-02
2.164677344262599945e-02
2.108966559171676636e-02
2.177887596189975739e-02
2.316109091043472290e-02
2.487887628376483917e-02
2.649175748229026794e-02
2.758999727666378021e-02
2.780759707093238831e-02
2.748160064220428467e-02
2.686543017625808716e-02
2.609490230679512024e-02
2.498009242117404938e-02
2.385689876973628998e-02
2.289959229528903961e-02
2.219314314424991608e-02
2.163599058985710144e-02
2.128977701067924500e-02
2.107921242713928223e-02
2.095888741314411163e-02
2.089187130331993103e-02
2.085890620946884155e-02
2.085233852267265320e-02
2.086141891777515411e-02
2.088928967714309692e-02
2.093218453228473663e-02
2.099709771573543549e-02
2.110146731138229370e-02
2.125177904963493347e-02
2.146448567509651184e-02
2.177167870104312897e-02
2.230213582515716553e-02
2.304514870047569275e-02
2.417960949242115021e-02
2.597445249557495117e-02
2.853626944124698639e-02
3.298165276646614075e-02
3.860728815197944641e-02
4.757142439484596252e-02
5.678492039442062378e-02
6.991600990295410156e-02
7.526573538780212402e-02
7.726223021745681763e-02
6.698029488325119019e-02
5.464836955070495605e-02
3.921763971447944641e-02
2.758158557116985321e-02
2.182106114923954010e-02
2.178521454334259033e-02
2.583895809948444366e-02
3.159625828266143799e-02
3.688931092619895935e-02
4.034985601902008057e-02
4.075869917869567871e-02
3.715211153030395508e-02
3.169045224785804749e-02
2.639519423246383667e-02
2.276472374796867371e-02
2.110409177839756012e-02
2.145753428339958191e-02
2.327442355453968048e-02
2.595114894211292267e-02
2.880885079503059387e-02
3.110808134078979492e-02
3.288358077406883240e-02
3.367456793785095215e-02
3.429379686713218689e-02
3.330207616090774536e-02
3.198661655187606812e-02
3.026894107460975647e-02
2.914472483098506927e-02
2.745399437844753265e-02
2.596478536725044250e-02
2.471878938376903534e-02
2.379113808274269104e-02
2.301115170121192932e-02
2.239451184868812561e-02
2.192709781229496002e-02
2.159958891570568085e-02
2.134073153138160706e-02
2.118952199816703796e-02
2.108348719775676727e-02
2.103087864816188812e-02
2.099712751805782318e-02
2.099996432662010193e-02
2.102236449718475342e-02
2.110197767615318298e-02
2.121100015938282013e-02
2.138897776603698730e-02
2.161720767617225647e-02
2.194188721477985382e-02
2.239470183849334717e-02
2.302923984825611115e-02
2.393657155334949493e-02
2.520665526390075684e-02
2.693411894142627716e-02
2.941520512104034424e-02
3.234614059329032898e-02
3.711191937327384949e-02
4.188970476388931274e-02
4.894539341330528259e-02
5.429872870445251465e-02
6.167005747556686401e-02
6.313874572515487671e-02
6.072124466300010681e-02
5.278190970420837402e-02
4.427215456962585449e-02
3.486641868948936462e-02
2.722989767789840698e-02
2.238105051219463348e-02
2.076847106218338013e-02
2.190827019512653351e-02
2.479617111384868622e-02
2.853516861796379089e-02
3.179537877440452576e-02
3.380641341209411621e-02
3.403072431683540344e-02
3.307098150253295898e-02
3.084407746791839600e-02
2.801929786801338196e-02
2.522896230220794678e-02
2.302081696689128876e-02
2.155401185154914856e-02
2.076173014938831329e-02
2.051880210638046265e-02
2.074045129120349884e-02
2.124341949820518494e-02
2.196079492568969727e-02
2.279149927198886871e-02
2.373250946402549744e-02
2.495703473687171936e-02
2.634811028838157654e-02
2.779855951666831970e-02
2.902239933609962463e-02
3.124948590993881226e-02
3.310949727892875671e-02
3.559935465455055237e-02
3.701108694076538086e-02
3.960899636149406433e-02
4.081173613667488098e-02
4.208136722445487976e-02
4.112488776445388794e-02
3.999130427837371826e-02
3.720846772193908691e-02
3.410275653004646301e-02
3.021669015288352966e-02
2.658966742455959320e-02
2.364190667867660522e-02
2.162995003163814545e-02
2.062044478952884674e-02
2.053298242390155792e-02
2.113316953182220459e-02
2.222782000899314880e-02
2.352573536336421967e-02
2.478009089827537537e-02
2.607053704559803009e-02
2.714858017861843109e-02
2.791256457567214966e-02
2.825232595205307007e-02
2.852969430387020111e-02
2.843312919139862061e-02
2.807586640119552612e-02
2.725807018578052521e-02
2.661735378205776215e-02
2.606959268450737000e-02
2.553221210837364197e-02
2.477517351508140564e-02
2.423223294317722321e-02
2.381143346428871155e-02
2.347884885966777802e-02
2.318075485527515411e-02
2.296929247677326202e-02
2.284373529255390167e-02
2.277205325663089752e-02
2.273600175976753235e-02
2.285929024219512939e-02
2.312082611024379730e-02
2.352320402860641479e-02
2.404295839369297028e-02
2.486726269125938416e-02
2.600628696382045746e-02
2.765676751732826233e-02
2.943592518568038940e-02
3.248813375830650330e-02
3.608359023928642273e-02
4.154154658317565918e-02
4.615547508001327515e-02
5.345693230628967285e-02
5.770211666822433472e-02
6.167513877153396606e-02
5.701972171664237976e-02
5.109057202935218811e-02
4.324182868003845215e-02
3.497254848480224609e-02
2.747907675802707672e-02
2.276262082159519196e-02
2.059907279908657074e-02
2.068403549492359161e-02
2.237203158438205719e-02
2.496371231973171234e-02
2.795339375734329224e-02
3.011298552155494690e-02
3.164280578494071960e-02
3.192957863211631775e-02
3.160155937075614929e-02
2.998293377459049225e-02
2.800275012850761414e-02
2.574515901505947113e-02
2.386783063411712646e-02
2.227295562624931335e-02
2.111989632248878479e-02
2.047663554549217224e-02
2.020491473376750946e-02
2.024589665234088898e-02
2.050662413239479065e-02
2.089857123792171478e-02
2.140401490032672882e-02
2.203406020998954773e-02
2.274574898183345795e-02
2.359098196029663086e-02
2.459140121936798096e-02
2.575979754328727722e-02
2.695481106638908386e-02
2.876732312142848969e-02
3.072246350347995758e-02
3.382725641131401062e-02
3.645852208137512207e-02
4.084016010165214539e-02
4.356299713253974915e-02
4.802612960338592529e-02
4.891739413142204285e-02
4.836720600724220276e-02
4.520028829574584961e-02
4.143751785159111023e-02
3.580910712480545044e-02
3.042904101312160492e-02
2.562148869037628174e-02
2.230205573141574860e-02
2.053988166153430939e-02
2.025999501347541809e-02
2.109481394290924072e-02
2.258709818124771118e-02
2.439888194203376770e-02
2.595627494156360626e-02
2.730727009475231171e-02
2.777130901813507080e-02
2.794787473976612091e-02
2.742548286914825439e-02
2.672820165753364563e-02
2.559423260390758514e-02
2.450459823012351990e-02
2.342132478952407837e-02
2.252672612667083740e-02
2.172136493027210236e-02
2.110414765775203705e-02
2.066871337592601776e-02
2.036301605403423309e-02
2.015498280525207520e-02
2.004386484622955322e-02
2.000742778182029724e-02
2.002406492829322815e-02
2.008382976055145264e-02
2.017925307154655457e-02
2.032207138836383820e-02
2.049652114510536194e-02
2.077243477106094360e-02
2.114052511751651764e-02
2.167860232293605804e-02
2.243996597826480865e-02
2.357078343629837036e-02
2.521453052759170532e-02
2.760142087936401367e-02
3.052207827568054199e-02
3.564301505684852600e-02
4.102301970124244690e-02
4.979584738612174988e-02
5.727221071720123291e-02
6.817864626646041870e-02
7.022727280855178833e-02
7.058383524417877197e-02
6.198291108012199402e-02
5.104416608810424805e-02
3.766955435276031494e-02
2.764217741787433624e-02
2.170437574386596680e-02
2.018914930522441864e-02
2.220466919243335724e-02
2.623338252305984497e-02
3.098985180258750916e-02
3.437807783484458923e-02
3.597075492143630981e-02
3.508493304252624512e-02
3.316753357648849487e-02
2.942886389791965485e-02
2.586297318339347839e-02
2.281210757791996002e-02
2.082408033311367035e-02
2.002660557627677917e-02
2.024259604513645172e-02
2.116407267749309540e-02
2.243224531412124634e-02
2.363144420087337494e-02
2.446330897510051727e-02
2.510007657110691071e-02
2.514684386551380157e-02
2.502063848078250885e-02
2.448193915188312531e-02
2.399000525474548340e-02
2.337384410202503204e-02
2.278427965939044952e-02
2.222691662609577179e-02
2.180274203419685364e-02
2.143124304711818695e-02
2.115002460777759552e-02
2.093925885856151581e-02
2.081855013966560364e-02
2.074102684855461121e-02
2.066869847476482391e-02
2.065568417310714722e-02
2.068999409675598145e-02
2.075845375657081604e-02
2.084865048527717590e-02
2.097180113196372986e-02
2.118939720094203949e-02
2.147280052304267883e-02
2.185546606779098511e-02
2.240240946412086487e-02
2.321092598140239716e-02
2.423346415162086487e-02
2.572672441601753235e-02
2.747408300638198853e-02
3.015645779669284821e-02
3.290955722332000732e-02
3.753874450922012329e-02
4.213880747556686401e-02
4.970269650220870972e-02
5.482451617717742920e-02
6.069076433777809143e-02
6.054145097732543945e-02
5.870399251580238342e-02
4.961623623967170715e-02
4.140484705567359924e-02
3.307849913835525513e-02
2.638635225594043732e-02
2.186751179397106171e-02
1.999041996896266937e-02
2.035859599709510803e-02
2.232062630355358124e-02
2.505872584879398346e-02
2.744604274630546570e-02
2.954764105379581451e-02
3.017281182110309601e-02
3.016205877065658569e-02
2.878680825233459473e-02
2.721100114285945892e-02
2.495300397276878357e-02
2.287154830992221832e-02
2.126690186560153961e-02
2.023605071008205414e-02
1.977989263832569122e-02
1.980238594114780426e-02
2.016968466341495514e-02
2.073823101818561554e-02
2.138065546751022339e-02
2.210531570017337799e-02
2.286572940647602081e-02
2.348642051219940186e-02
2.427187189459800720e-02
2.495092153549194336e-02
2.579678967595100403e-02
2.643943205475807190e-02
2.731220051646232605e-02
2.799469418823719025e-02
2.919339574873447418e-02
2.977502904832363129e-02
3.093345277011394501e-02
3.150450065732002258e-02
3.308502584695816040e-02
3.359640389680862427e-02
3.451678156852722168e-02
3.440431132912635803e-02
3.476449102163314819e-02
3.371132165193557739e-02
3.289201483130455017e-02
3.110851719975471497e-02
2.963487617671489716e-02
2.744017355144023895e-02
2.545535005629062653e-02
2.353244461119174957e-02
2.207381278276443481e-02
2.085781842470169067e-02
2.008506283164024353e-02
1.970086432993412018e-02
1.964524202048778534e-02
1.983035169541835785e-02
2.018648013472557068e-02
2.061759866774082184e-02
2.107525616884231567e-02
2.155276201665401459e-02
2.200450189411640167e-02
2.251303941011428833e-02
2.293110638856887817e-02
2.342450059950351715e-02
2.385430783033370972e-02
2.451748587191104889e-02
2.506863884627819061e-02
2.605109848082065582e-02
2.692554891109466553e-02
2.825876884162425995e-02
2.938673831522464752e-02
3.139503672719001770e-02
3.299703449010848999e-02
3.569344431161880493e-02
3.773270547389984131e-02
4.139415547251701355e-02
4.315791651606559753e-02
4.623889178037643433e-02
4.633509367704391479e-02
4.586401954293251038e-02
4.225910082459449768e-02
3.876846283674240112e-02
3.366989269852638245e-02
2.941301092505455017e-02
2.510995231568813324e-02
2.215860411524772644e-02
2.028199099004268646e-02
1.961234211921691895e-02
1.988733187317848206e-02
2.077852003276348114e-02
2.202785573899745941e-02
2.323824726045131683e-02
2.428120560944080353e-02
2.476587146520614624e-02
2.507233992218971252e-02
2.475797943770885468e-02
2.436288632452487946e-02
2.377724647521972656e-02
2.323014289140701294e-02
2.253779210150241852e-02
2.196925319731235504e-02
2.136342599987983704e-02
2.091191336512565613e-02
2.054952643811702728e-02
2.028829231858253479e-02
2.010392583906650543e-02
1.996924541890621185e-02
1.987458951771259308e-02
1.983052119612693787e-02
1.981233060359954834e-02
1.981813088059425354e-02
1.985895819962024689e-02
1.995025016367435455e-02
2.008021809160709381e-02
2.033095434308052063e-02
2.071190811693668365e-02
2.130937762558460236e-02
2.217851951718330383e-02
2.359689213335514069e-02
2.557779848575592041e-02
2.897367626428604126e-02
3.299344703555107117e-02
4.043884202837944031e-02
4.842801764607429504e-02
6.177068874239921570e-02
7.098811119794845581e-02
8.122027665376663208e-02
8.056154847145080566e-02
8.007121086120605469e-02
6.315092742443084717e-02
4.788199067115783691e-02
3.231635689735412598e-02
2.253806591033935547e-02
1.969573833048343658e-02
2.287507615983486176e-02
2.977478131651878357e-02
3.620081022381782532e-02
4.083240777254104614e-02
4.099562764167785645e-02
3.715846315026283264e-02
2.967486903071403503e-02
2.359051816165447235e-02
2.016445994377136230e-02
1.988305896520614624e-02
2.210452407598495483e-02
2.529440075159072876e-02
2.821843139827251434e-02
2.904059551656246185e-02
2.855877764523029327e-02
2.654719725251197815e-02
2.398407086730003357e-02
2.143643051385879517e-02
1.987098902463912964e-02
1.939491182565689087e-02
1.975177600979804993e-02
2.064687944948673248e-02
2.181492932140827179e-02
2.299883961677551270e-02
2.363097295165061951e-02
2.412709034979343414e-02
2.402272634208202362e-02
2.379995211958885193e-02
2.315235696732997894e-02
2.260040491819381714e-02
2.189540676772594452e-02
2.132202312350273132e-02
2.074859850108623505e-02
2.032711729407310486e-02
1.996217481791973114e-02
1.969345286488533020e-02
1.948602125048637390e-02
1.935937814414501190e-02
1.928630471229553223e-02
1.925740391016006470e-02
1.925944536924362183e-02
1.928673125803470612e-02
1.933090761303901672e-02
1.938498578965663910e-02
1.947257295250892639e-02
1.956872828304767609e-02
1.973459683358669281e-02
1.992661319673061371e-02
2.021523565053939819e-02
2.054830454289913177e-02
2.102933637797832489e-02
