1.892089843750000000e-01
2.073625316521278961e-01
1.892089843750000000e-01
2.081586120531647432e-01
2.082516881971533673e-01
2.076766963026908663e-01
2.081318467926603355e-01
2.073581675351734155e-01
1.892089843750000000e-01
1.892089843750000000e-01
1.892089843750000000e-01
1.707470920367400447e-01
1.710200797481380430e-01
1.706732442331005684e-01
1.711279565731055052e-01
2.264560017188673446e-01
2.281985680257664628e-01
2.270140316688913640e-01
2.278655609007702865e-01
2.272000895413630317e-01
1.892089843750000000e-01
1.892089843750000000e-01
2.071892973802605398e-01
1.892089843750000000e-01
1.892089843750000000e-01
1.892089843750000000e-01
1.892089843750000000e-01
2.071875984953382432e-01
2.073091425230565166e-01
1.892089843750000000e-01
3.396409946407905056e-01
2.648961948318166448e-01
2.840299146590818391e-01
2.659616034825924569e-01
2.841072573373857879e-01
3.204715490195512162e-01
3.032996793752971709e-01
2.650148921422131876e-01
3.026300367174630801e-01
2.459398596782801372e-01
2.460756714497234487e-01
2.644848919106117524e-01
2.257545739636974969e-01
2.278011709049610756e-01
2.279360090003817452e-01
3.414711661854347713e-01
3.027934799653095310e-01
3.034966529865860685e-01
3.788185163782210596e-01
3.787137268996139672e-01
3.595441787103042519e-01
3.029483793016781723e-01
3.395787452705980036e-01
2.649279501965048911e-01
2.649979326223828036e-01
2.638049076565049944e-01
2.276875808507276278e-01
2.458851248145978718e-01
2.276999927973573368e-01
2.278480606552413246e-01
4.542885471219509919e-01
3.777347283827575120e-01
4.535117426955020403e-01
3.774175718992570094e-01
4.161610505125877824e-01
3.414127968723429385e-01
3.777237474795603900e-01
3.220948686504542247e-01
3.405664123373984276e-01
3.023260337223150906e-01
2.646292097825138079e-01
2.657030853768366230e-01
2.459220803966052638e-01
2.659811023800751628e-01
3.029247701963441175e-01
6.431143590754564432e-01
5.868613807850731057e-01
5.863021804644749091e-01
4.540188120044798548e-01
4.541719248241919415e-01
4.157532578314343530e-01
4.352472831733746328e-01
5.297943568548961757e-01
4.352672041426413063e-01
4.546077308900215441e-01
2.843914374174198456e-01
3.218744329548597349e-01
2.838755025834016066e-01
3.398912601478165652e-01
3.400830586636908182e-01
6.045475617184258299e-01
5.864052059347499846e-01
6.614740206744336160e-01
5.676857765154973423e-01
5.293920821353634842e-01
5.106336951257330892e-01
5.493995802515170279e-01
4.922352218661398826e-01
3.209044288281507340e-01
3.593444611301167546e-01
3.587382654832818596e-01
3.782834142833191304e-01
3.405585702665749892e-01
3.404888053648222890e-01
3.025516895588266086e-01
5.673626191385586770e-01
6.992099036980323756e-01
7.008578526179621848e-01
5.673774477652465675e-01
5.860732435327766776e-01
5.870590037969738439e-01
5.298505948559267820e-01
4.551062064751895675e-01
3.594715901306910211e-01
4.159593091432485235e-01
3.974394181557847072e-01
3.979621068080275714e-01
4.540817208861544496e-01
4.166740281446775773e-01
4.544062222612140212e-01
4.349237293314689445e-01
7.564798123209197644e-01
9.901374431894091055e-01
7.752163945154422198e-01
6.621149660768546052e-01
8.507763628403908207e-01
7.579701678947788901e-01
7.756919722406400153e-01
8.137674212656778039e-01
6.823931692396281168e-01
6.801255417827721805e-01
7.378304262869403995e-01
5.296833724831815360e-01
4.729932212924465307e-01
5.299067681519217254e-01
7.197092395954052257e-01
7.935979285615173406e-01
7.569924819371195435e-01
8.318988944494211113e-01
5.107977733458386460e-01
8.709644714948092670e-01
7.569993389683857821e-01
8.332589867350597146e-01
6.226876547741587720e-01
8.903882727212335535e-01
7.372835818868619384e-01
7.194066681490527415e-01
7.774914837958973868e-01
5.496692050053221257e-01
4.722286853501311832e-01
1.006177659030835114e+00
5.298285872283891029e-01
8.126449983872569005e-01
8.886335567563373727e-01
7.763530529682245440e-01
7.190025866761128315e-01
7.953229907826351308e-01
7.007051347756227955e-01
9.085159185788358460e-01
8.330109323448213754e-01
9.283245994720421557e-01
8.129494607992269195e-01
9.107654960528782651e-01
9.079233192146859421e-01
9.086448216175925241e-01
5.876137933517878720e-01
7.559762370840210632e-01
8.701704152006417559e-01
6.425374847755130903e-01
6.049653144943328842e-01
6.806804764284940523e-01
6.426025471187152283e-01
7.933353069314014183e-01
6.431621302167680465e-01
9.090818240886463508e-01
1.021340317826151312e+00
7.188870264615339067e-01
6.812345915075408431e-01
7.186094716209251443e-01
7.002297806723413176e-01
6.993043230957711742e-01
6.804403949350513736e-01
6.980348820006774258e-01
8.703908122165540107e-01
7.760951135283699065e-01
8.326352870103709281e-01
7.748342705404794861e-01
9.526845746222525335e-01
9.266453892293156080e-01
7.373110016470101336e-01
7.378566843273491882e-01
7.000047323924966092e-01
6.435072386880142936e-01
6.813277070028674887e-01
7.749715745835976666e-01
6.820357086897645971e-01
7.753058315782669352e-01
7.178944542261166406e-01
6.801081866035618706e-01
6.989754688167947316e-01
7.563816001488034013e-01
6.818565563345745373e-01
7.182041648154368074e-01
8.125234056366563706e-01
7.947144854134089442e-01
9.518752002410219015e-01
9.083663310206944175e-01
8.152339332306111075e-01
8.322640037197551743e-01
7.757867641605279418e-01
7.763197799604939497e-01
7.191942023840020015e-01
7.570006239366604550e-01
7.179002712522305485e-01
7.763572040848524258e-01
7.770181492806398360e-01
8.322351079054856049e-01
7.373340554980662986e-01
7.180617788518508515e-01
7.192897400655386964e-01
7.953914095302299092e-01
7.755348046698867792e-01
7.946363202381645507e-01
8.137008199578774637e-01
8.511663321861090425e-01
7.946309454388232885e-01
1.009848756176420448e+00
9.239928347212585935e-01
7.940484911608872709e-01
1.001732894076190705e+00
9.520976584488718419e-01
8.269002705709342926e-01
7.750871870715079215e-01
7.565039813834804061e-01
8.138561693079235937e-01
7.944632940891561690e-01
8.512002785286141293e-01
8.893166796665092910e-01
9.522062809316826915e-01
8.327346875852675856e-01
1.284795027454408878e+00
1.112874030766922262e+00
1.045688159542340845e+00
1.044481343998449940e+00
8.707607503044697550e-01
9.440798925685295329e-01
1.066380477364232915e+00
9.803546480906205618e-01
1.043698989192395565e+00
1.109453780669497069e+00
1.266396919904287932e+00
9.176554003642189983e-01
9.431356817091079980e-01
1.070326844870809202e+00
9.450255760826978824e-01
1.130160947239207125e+00
1.285207930528918574e+00
1.285166881755596346e+00
1.113655571116964671e+00
1.025521140542135612e+00
1.087272709526876380e+00
1.285015813736953616e+00
1.303566408059526394e+00
1.161240694406201923e+00
1.285141965138407061e+00
1.284897018046532224e+00
1.266367029684874357e+00
1.023358483499711369e+00
1.285215775778519642e+00
1.285075859259569908e+00
1.359671001389864298e+00
1.303437455606005324e+00
1.303708448574592005e+00
1.303923120665771540e+00
1.090659912953493738e+00
1.146170487771462909e+00
1.285004080062280396e+00
1.266334217960317865e+00
1.162028392130363796e+00
1.341611796270063328e+00
1.073123616041617101e+00
1.323108875846653376e+00
1.303741488611371180e+00
1.303785159316994013e+00
1.285175267079180950e+00
1.359208580720737913e+00
1.304348804434132258e+00
1.359355718614928765e+00
1.341617330062279567e+00
1.340741771346310340e+00
1.341422737576525304e+00
1.360134128688146982e+00
1.341129103606002904e+00
1.340819441165500780e+00
1.341554801621103854e+00
1.341047024934954868e+00
1.322177164988784792e+00
1.341588775652487353e+00
1.323195518613857091e+00
1.322494770354793125e+00
1.507351485011976910e+00
1.478103928691402169e+00
1.378725593911922953e+00
1.528794101385490878e+00
1.527293872551255483e+00
1.397031633059085509e+00
1.408981488254153591e+00
1.340799857983824950e+00
1.438965531242306417e+00
1.359423414742763736e+00
1.509329277721853879e+00
1.378811636267059715e+00
1.359586616642699752e+00
1.507956112861218667e+00
1.378207083015912993e+00
1.529074431647872157e+00
1.607877329345462458e+00
1.529453783018124513e+00
1.379466787456355537e+00
1.528213766054345335e+00
1.508627534871767262e+00
1.483450696610304931e+00
1.379316580890271648e+00
1.565654255611291346e+00
1.628152552667335273e+00
1.360386832564802084e+00
1.528897170772260061e+00
1.437897186898788648e+00
1.509030595078405979e+00
1.509680449975530747e+00
1.662323020533794438e+00
1.626142621193934268e+00
1.569020597815694140e+00
1.645190224202026874e+00
1.547928547036707903e+00
1.607878470818627781e+00
1.622301030445213010e+00
1.605886317722383216e+00
1.587366081611691015e+00
1.624240886207846790e+00
1.508925501117272638e+00
1.606065985183192213e+00
1.605680434593482975e+00
1.625000432146196605e+00
1.662838893192408962e+00
1.609314118526782966e+00
1.685663494458437883e+00
1.663094243474820155e+00
1.718145797869147895e+00
1.685588782060330360e+00
1.702392476330883087e+00
1.666411384553334374e+00
1.723232482216052963e+00
1.849926690331570311e+00
1.646049255126284416e+00
1.547130015002561088e+00
1.645939837889095481e+00
1.626930446802809849e+00
1.723767999382469940e+00
1.661683247629264670e+00
2.082081093345184541e+00
1.901280764707661941e+00
1.921346432479295485e+00
1.854168512796262824e+00
1.759708730798732246e+00
1.883958389506382058e+00
1.838820428545235419e+00
1.915742187561593868e+00
1.735924768981790489e+00
1.845670963335061199e+00
1.871807839390201122e+00
1.720383448217303712e+00
1.799165137043262197e+00
1.900829641319516927e+00
1.845892665940275901e+00
2.080080583858014975e+00
2.094919774999982831e+00
2.119322382822003803e+00
2.163223236264494975e+00
2.118894049076087249e+00
2.140917031815315230e+00
1.901895838783608683e+00
1.841665460809716270e+00
1.982903783705680656e+00
1.931121404051239665e+00
2.163054790306767838e+00
1.969068010250982770e+00
1.963803635833149208e+00
2.079431492856554264e+00
2.118096465361266834e+00
2.162533373118845414e+00
2.351289016803729925e+00
2.140019091904953541e+00
2.080295198890644848e+00
2.184561893675826649e+00
2.219086915239888658e+00
2.119213217306956665e+00
2.121248562114066427e+00
2.162990850300977819e+00
2.118522852609063367e+00
2.119558166992388415e+00
2.164014854500262874e+00
2.072885653675227591e+00
2.120830172676793079e+00
2.120933619273377424e+00
2.295405177968881105e+00
2.460654531270575429e+00
2.340553823742859141e+00
2.302477602773966847e+00
2.213433792393611821e+00
2.295465951857468490e+00
2.232795136936254643e+00
2.510436005816464089e+00
2.394695644365946396e+00
2.300203552482952052e+00
2.197780464356658747e+00
2.235247303011385522e+00
2.155395789469344958e+00
2.252365620147968706e+00
2.219333163505323281e+00
3.122359883469815411e+00
2.555389576043210376e+00
2.474526586777041182e+00
2.497003946032300803e+00
2.597324818509645805e+00
2.526740080676803224e+00
2.690509074376584486e+00
2.395762047800777506e+00
2.577267878588273220e+00
2.704486414752789614e+00
2.540323567866499932e+00
2.608955779407940767e+00
2.561876686152728677e+00
2.371189437535217603e+00
2.693660147533953886e+00
3.331378998427291460e+00
3.253463700377201562e+00
3.100282877165525086e+00
3.154109991991605355e+00
3.084066172306553888e+00
2.596844632799144126e+00
2.682127589664225376e+00
2.635372939290895111e+00
2.623151182873451059e+00
2.900626446484521725e+00
2.770941588724322724e+00
2.937139922101193346e+00
3.085018749012326644e+00
2.934128578302130030e+00
2.871160523894842775e+00
3.394574070141278987e+00
3.470962727590150898e+00
3.148054971382998168e+00
3.258230466919466828e+00
3.069630952539166291e+00
3.154157419620682745e+00
3.034119687763103812e+00
2.900452879528440775e+00
3.147726586293012829e+00
3.131490295030885385e+00
3.102415764495256134e+00
3.107305791925766503e+00
3.109945650883698676e+00
2.928160771299180620e+00
3.052081393145412491e+00
3.345052007746416756e+00
3.166305701001942641e+00
3.190008633834721774e+00
3.159898105376040878e+00
3.144446025460287952e+00
3.094082662014051355e+00
3.161926166764627233e+00
2.942024152146109905e+00
3.134185753611422154e+00
3.274417415204978532e+00
3.222719520208504385e+00
3.140165424070074263e+00
3.349953468849938609e+00
3.149793852844906983e+00
3.184113283877767042e+00
3.375058235044716692e+00
3.385634666507626012e+00
3.223916629738691864e+00
3.249640216664542169e+00
3.305001562441357343e+00
3.428232570997760131e+00
3.406285646604394035e+00
3.531227968471674306e+00
3.189689850552126060e+00
3.202827607929503273e+00
3.297979647988749097e+00
3.153019517031896868e+00
3.156069651467349857e+00
3.165827857799975664e+00
3.217482194644137206e+00
3.554789535101054110e+00
3.354221326813460635e+00
3.294667253660338080e+00
3.567907550573799380e+00
3.708454904385556805e+00
3.587426104868645549e+00
3.343296330160493213e+00
3.721248587848207556e+00
3.562694114203375673e+00
3.480773472919455269e+00
3.238537253025571605e+00
3.665605837178815829e+00
3.619858219394575638e+00
3.624073817950587362e+00
3.458189521671663602e+00
3.669377147522318250e+00
3.529728049696606806e+00
3.618436978986763641e+00
3.734601132008898983e+00
3.813983979067073538e+00
3.672272153602645695e+00
3.612393579840616376e+00
3.573763353538456755e+00
3.534714722102721751e+00
3.713437948177912507e+00
3.667673007455360512e+00
3.864666194321408899e+00
3.371183558322930374e+00
3.617869222057096046e+00
3.559509730989719678e+00
3.767918564045295682e+00
3.586298234658556794e+00
3.705615473953267180e+00
3.667523253960525587e+00
3.588783659597289954e+00
3.490674168873035832e+00
3.692744480705310473e+00
3.650049674895497809e+00
3.747495912581135347e+00
3.719365542044122286e+00
3.719854589714390425e+00
3.500349561220782224e+00
3.809356226733650264e+00
3.733169883959360114e+00
3.783499672453486173e+00
3.238692581567485629e+00
3.762112213959288187e+00
3.719684249407061216e+00
3.710323558566847257e+00
3.770808211763629014e+00
3.778961933191520295e+00
3.838839111734341447e+00
3.716161554523623956e+00
3.786916235388106067e+00
3.754243963910010251e+00
3.608842862838292920e+00
3.657833809977776962e+00
3.624172870026186821e+00
3.802322899519176680e+00
3.726806866930753248e+00
3.563801251574373108e+00
3.711451919024221002e+00
3.694704357678456397e+00
3.730947582577089694e+00
3.980893198279636280e+00
3.762814249794255161e+00
3.782832934329793950e+00
3.840799414257972888e+00
3.853198018192518948e+00
3.673245094377752817e+00
3.721666539644558735e+00
3.725077389907284431e+00
3.831734457986161857e+00
3.606723754962525064e+00
3.724373353066953829e+00
3.632129490745700906e+00
3.844022237207095127e+00
3.861424586655332725e+00
3.840060054508090293e+00
3.816228061835946317e+00
3.829326111238978037e+00
3.750598576591844147e+00
3.859618707161585505e+00
3.788815950082792039e+00
3.853271414373891091e+00
3.785065871399620807e+00
3.750330666068101948e+00
3.795097054473589360e+00
3.834784749844327933e+00
3.796841345149039704e+00
3.556915530158029082e+00
3.889108411805573429e+00
3.744847534317281124e+00
3.850405418021089599e+00
3.828005382353039554e+00
3.933479993853220780e+00
3.882263633051771912e+00
3.892940670109589441e+00
3.893770195411832447e+00
3.942792535573034662e+00
3.962043270928213623e+00
3.750947981274997733e+00
3.726201360747837033e+00
3.852634666878400171e+00
3.714330916784223557e+00
3.912451832505365434e+00
3.921681226195788739e+00
3.889372386668632497e+00
3.742054656800785306e+00
3.881928512602255577e+00
3.950319690429688002e+00
4.013819602393584596e+00
3.936931085979825440e+00
3.804672460567970926e+00
3.787049922165802496e+00
3.974739476365945379e+00
3.944947947111953734e+00
3.880303308619939884e+00
3.927995316062476316e+00
3.777664028553028963e+00
4.156050168986107352e+00
4.091671022895915222e+00
3.928495767830959107e+00
3.998277260530195054e+00
3.844377420929852018e+00
4.123221274927857394e+00
4.023557695618666941e+00
3.843001290119915314e+00
3.837277124017199892e+00
3.780406492538123775e+00
3.880905875054857734e+00
3.818759965785117672e+00
3.960423567920189125e+00
4.013570294618184597e+00
4.008287155371077937e+00
3.957070443294423256e+00
3.920026206067940944e+00
3.838697504356409329e+00
4.059539462911007313e+00
3.845427688603636707e+00
4.133383681564496648e+00
4.222048603308707904e+00
3.974868419276068821e+00
4.129790919641621372e+00
4.115379900749156938e+00
4.054295061350055462e+00
3.839335800516006980e+00
3.992393312357098267e+00
4.132665070242238947e+00
3.900384421429225590e+00
4.104744310707326704e+00
3.990549204808182093e+00
3.983267513841577401e+00
4.009929692091421138e+00
3.974417387813221403e+00
4.201241556858124504e+00
4.067905548160009488e+00
3.979337160372012239e+00
3.964034001686429498e+00
4.323910955017142399e+00
4.136805166358954011e+00
3.893895099870214427e+00
4.213598973943987858e+00
4.043866960497835450e+00
4.234868348383395542e+00
4.267297842219121229e+00
4.368538133888314690e+00
4.193704397678138740e+00
3.996766297720231620e+00
4.056245456189309095e+00
4.027345831092373984e+00
4.372551578665247796e+00
4.233689444066648377e+00
4.061680475404840784e+00
3.930136785852678116e+00
4.007885441457385234e+00
4.401620013709012014e+00
4.308731755484525472e+00
3.953380966724535206e+00
4.017835867027405250e+00
4.298238969649276875e+00
4.139972795010519846e+00
4.218237536039833202e+00
4.034271427960175238e+00
4.249541152630144758e+00
3.905369745414339455e+00
4.064630550461832748e+00
4.129015385528368220e+00
4.243027333159945513e+00
4.078706375586180322e+00
3.941816969568588291e+00
4.027167735408657023e+00
4.008877153473164867e+00
4.199664805472799856e+00
4.393059362416518177e+00
4.201366390848425780e+00
4.162974436307424142e+00
4.219533114964661102e+00
4.279999668006943203e+00
4.265175611020081803e+00
4.164272586520734620e+00
4.166159596240573748e+00
4.418274041093977367e+00
4.380834724033623395e+00
4.369293660304850668e+00
4.246073551057399698e+00
4.303743262319470908e+00
4.361740551000829136e+00
4.207327932446201402e+00
4.333127914758951427e+00
4.181446161696135810e+00
4.284137979393039863e+00
4.243422403587334024e+00
4.174744709887970195e+00
4.094350255742736699e+00
4.284202084691395740e+00
4.228996230911636012e+00
4.378214189258046396e+00
4.451860071937097096e+00
4.202642510136163523e+00
4.186201739058957649e+00
4.249773766017775678e+00
4.316341893447583900e+00
4.113666551988063524e+00
4.383939280627436652e+00
4.225187936733711958e+00
4.469938644242155590e+00
4.072653612478771556e+00
4.534362732889579028e+00
4.457018977013775363e+00
4.192283948604644372e+00
4.128866975028979702e+00
4.413513302439807440e+00
4.401649588702706062e+00
4.176193354117477163e+00
4.428482215262254051e+00
4.385846541978236424e+00
4.286150793787847135e+00
4.478671600227020377e+00
4.395116097682555178e+00
4.401928135220595451e+00
4.200550646785993436e+00
4.161725267994932587e+00
4.435393590631276695e+00
4.180221406074208446e+00
4.039658744230261611e+00
4.306887619160310265e+00
4.535844795891469161e+00
4.336296827542685861e+00
4.363535009753028326e+00
4.232807663052685854e+00
4.487462909942777856e+00
4.447247599443605814e+00
4.502851271366075103e+00
4.308563369288124001e+00
4.397303942352020378e+00
4.468776377438496539e+00
4.538733586259057873e+00
4.486539338530603160e+00
4.532564872364956976e+00
4.119070120913900013e+00
4.709154813200741252e+00
4.190881663401970769e+00
4.416252083618683599e+00
4.267589172239540929e+00
4.507828013182829885e+00
4.156995136122601409e+00
4.450341048390762388e+00
4.544641118919684253e+00
4.396456984608459351e+00
4.753258743160474253e+00
4.435093498457712613e+00
4.720946666066460295e+00
4.369811433829409175e+00
4.669766247226712075e+00
4.404869576279576648e+00
4.205460914888181634e+00
4.738932223230617247e+00
4.603144496951028231e+00
4.461688647601804725e+00
4.231546182515929289e+00
4.671490234053440105e+00
4.276473877069596696e+00
4.622722957724359816e+00
4.529226377877327181e+00
4.768204313135800732e+00
4.800099024331471398e+00
4.569615015558045279e+00
4.628063214759718491e+00
4.581823577459006813e+00
4.668904427733279405e+00
4.612189062524458372e+00
4.768833336170628989e+00
4.643741086679175289e+00
4.618248240970792118e+00
4.792610705115974312e+00
4.554332888365651755e+00
4.591780785970633438e+00
4.671581608912538819e+00
4.561399153612922142e+00
4.771967607640561049e+00
4.665113360895285055e+00
4.805459822838208161e+00
4.719794511534798787e+00
4.762340947881330777e+00
4.789240616690748631e+00
4.769790315439803585e+00
4.644031504362008178e+00
4.418037313392595422e+00
4.603966966380737880e+00
4.703870064897190062e+00
4.774222412493164036e+00
4.600766459799411123e+00
4.664149463172046595e+00
4.594527116801915945e+00
4.741731544558717815e+00
4.614394393528737481e+00
4.808591620699887770e+00
4.810160966975422170e+00
4.895050630275303405e+00
4.748435397848025374e+00
4.734281980859069705e+00
4.912717435646616337e+00
4.797983638593469990e+00
4.795843581855608662e+00
4.808828610096130163e+00
4.664062478965266045e+00
4.760441536670499296e+00
4.808256169372572941e+00
4.870051827624125806e+00
4.729236261916399009e+00
4.690753049061077817e+00
4.744224603311064214e+00
4.884700437398035611e+00
4.652705364991927439e+00
4.922422419842990671e+00
4.931838648318946028e+00
4.920670981136419542e+00
4.752755817382321446e+00
4.921130323962746189e+00
4.828162718133031106e+00
4.762567905339686547e+00
4.827453130030563422e+00
4.815664220716428190e+00
4.699088743145041214e+00
4.814201390899838451e+00
4.928354465671549001e+00
4.861251584305398055e+00
4.784634836333319541e+00
4.901378186380351387e+00
4.873997323257097669e+00
4.814162172831900399e+00
4.902122633307794963e+00
4.959696553664493912e+00
4.790255762819851881e+00
4.974562220539365143e+00
4.919330770324013891e+00
4.956768754429048407e+00
4.985833100090551362e+00
4.670559776827505338e+00
4.865445067099972931e+00
5.102003960917793179e+00
4.916606070055508759e+00
4.979939381831052891e+00
4.917572068589505463e+00
4.767163334426637533e+00
4.671947941947125038e+00
4.878563747324987432e+00
4.796955957254096070e+00
5.212992415784983180e+00
4.934026280702838108e+00
4.898270909917370908e+00
4.920412506453906154e+00
5.153082999839493361e+00
4.842250119636787531e+00
5.876208947752677325e+00
4.978948550081007340e+00
5.037362223680653450e+00
5.023460057747955787e+00
4.881511620263922602e+00
5.002431156111418531e+00
4.771841628779164068e+00
4.904870392008989555e+00
4.919725479421310332e+00
4.966237488712431869e+00
5.010198300138565486e+00
4.923263390913636961e+00
4.980658002384362959e+00
4.977809204664753295e+00
4.930426921859627498e+00
5.502485788783678444e+00
4.982311026970444701e+00
5.164390636207547125e+00
4.752455149063131046e+00
5.179193269988171977e+00
5.081299896268689054e+00
4.969819926087067685e+00
4.902162416767187558e+00
4.826944749498601084e+00
4.969563726908612367e+00
4.950528979746128933e+00
4.986003375605135624e+00
4.974030103386281709e+00
4.944958480063057493e+00
4.861488303818584100e+00
5.127981456176188502e+00
5.004044757027149792e+00
5.039919817482881648e+00
5.094727165947821490e+00
4.927547578090218039e+00
5.007201049123391812e+00
5.003400403253380091e+00
4.959953877184786641e+00
5.020305181335021238e+00
4.829693165031861746e+00
5.166168984531536168e+00
5.229819504240469819e+00
5.122473059846703869e+00
5.080354988666308635e+00
5.137618078951294187e+00
5.381301575203492504e+00
5.247410031598533031e+00
5.232635403749347880e+00
5.014066899691978385e+00
5.049388234288579191e+00
5.069512764921497272e+00
4.995372694905041655e+00
4.894392901215618430e+00
5.100951395704273139e+00
4.951151005136765093e+00
5.026204833520140802e+00
5.184513058194635704e+00
5.052352534991773503e+00
5.123204003477822788e+00
5.232068580302644989e+00
5.271184943586501248e+00
5.492177813483322346e+00
5.165812193313581879e+00
5.359906484653865988e+00
5.348593416910762954e+00
5.688340360491333847e+00
5.125634847218137224e+00
5.344955653154173980e+00
5.371515349199618150e+00
5.244476507567254586e+00
5.294075555307868441e+00
5.613485282337265403e+00
5.281305601249190573e+00
5.217382576202539646e+00
4.903235762591720004e+00
5.700050107712283598e+00
5.317521993335193820e+00
5.395768047056498595e+00
5.449485632141155556e+00
5.210235071843382748e+00
5.448587495234943567e+00
5.659978632836136114e+00
5.480077335869022903e+00
5.227631280474223097e+00
5.754180606687277155e+00
5.594033699883610211e+00
5.544632683295430908e+00
5.519765110598966018e+00
5.213669835794468632e+00
5.699186902077562067e+00
5.218763039231154366e+00
5.586858419952918986e+00
5.087297560111422534e+00
5.288634458314741771e+00
5.239861480717029174e+00
5.583798521130058035e+00
5.498525666805660350e+00
5.293963304858833041e+00
5.680242072658710839e+00
5.340879928726618431e+00
5.497854036949023637e+00
5.815108400206593586e+00
5.413975224699682620e+00
5.336126082249427860e+00
5.661789087350289407e+00
5.695513721960301368e+00
5.643386027964007567e+00
5.299936738919338808e+00
5.459949922978667658e+00
5.576366462485162323e+00
5.514772219748195425e+00
5.400675075184399709e+00
5.855603079659216448e+00
5.478210301564275575e+00
5.526258053483980248e+00
5.689646642318978209e+00
5.421180972163519129e+00
5.456745063076839486e+00
5.551007474765079053e+00
5.614351226861272082e+00
5.577543002416190276e+00
5.984949607754119327e+00
5.518600286636969443e+00
5.512875834739446645e+00
5.537855667587351149e+00
5.787787870042509830e+00
5.812728541766191803e+00
5.434139502597576943e+00
5.479648164862257254e+00
5.598772684736461613e+00
5.828852143531515040e+00
5.518628991779424453e+00
5.592679489151007211e+00
5.673795022442362779e+00
5.477645386488399382e+00
5.898134498475033460e+00
5.876062380117549111e+00
5.918451934242783707e+00
5.919566776408165865e+00
5.600527228083991282e+00
5.708744528291701315e+00
5.669217148767518921e+00
5.598254685954280774e+00
5.626364650329505501e+00
5.677598490324385239e+00
5.752719797426135706e+00
6.015359941000973265e+00
5.993489983838066415e+00
5.718305331811365022e+00
5.580504229840148156e+00
5.924582004464550522e+00
5.882468342728391697e+00
6.198032355695963780e+00
5.936372818460721845e+00
6.169539495780979266e+00
6.111543854900920891e+00
5.994743387479460672e+00
6.290137502965408522e+00
5.856328057900184625e+00
6.108703042118071913e+00
6.299683451860616401e+00
5.306314371149405851e+00
5.759378287077109526e+00
5.789513108326391766e+00
5.762567509753250938e+00
6.337999833014371198e+00
6.681328734015709259e+00
6.059480131819050541e+00
6.522504156308078116e+00
6.413134398348166343e+00
6.450652817264668215e+00
6.304359332928162196e+00
6.073284167860958149e+00
6.278119014715610291e+00
6.312819046131862954e+00
6.205020042205706687e+00
6.249162780162278885e+00
6.485861314184115933e+00
6.279486744597623016e+00
5.876692540957088262e+00
6.649179626977776536e+00
6.288220450497557401e+00
6.732216479349788507e+00
6.471835634334004439e+00
6.193946325074491277e+00
6.128669631001433693e+00
6.537915359329915077e+00
6.383696275764885186e+00
6.142772018924268274e+00
6.218849295292025126e+00
6.025582311698584270e+00
6.103217508748699949e+00
6.211399581280747206e+00
6.165512555787973525e+00
6.382377696403874978e+00
6.458244250745226012e+00
6.588939787630462064e+00
6.506571436110657025e+00
6.521256170024303245e+00
6.727238030625338538e+00
6.436577334146846852e+00
6.846514266468302523e+00
6.871329911594536100e+00
6.091223062118778842e+00
6.317467428153898723e+00
6.562910621468057926e+00
6.249898826694406218e+00
6.378421477069792900e+00
6.399423588145508823e+00
6.368332560176814816e+00
8.191383719131984265e+00
6.849644998508298777e+00
6.609419534643002692e+00
6.953358233794320498e+00
6.954714701119796949e+00
6.721933089597030175e+00
6.850082315442436176e+00
6.635978619256317046e+00
6.881480333785170878e+00
7.251616980971678394e+00
6.494906449003226889e+00
6.510178972810297893e+00
6.606949461508442312e+00
6.618111300074770220e+00
6.550989869491533391e+00
8.198169184126367526e+00
7.707506013975899073e+00
7.495343439906940297e+00
7.353000258057645233e+00
7.202000754471069577e+00
7.599856909206952338e+00
7.125891266486160447e+00
7.121628493975049601e+00
6.913924956757417917e+00
6.702871959193943852e+00
6.813830632710633495e+00
6.709367294523646663e+00
6.975996521786601789e+00
6.630528616603934999e+00
7.281579848812707922e+00
8.141671518150923603e+00
8.109604827961161888e+00
8.373845859975910244e+00
7.936775600688728893e+00
8.022922841583451259e+00
8.005969940930745210e+00
7.471419338157870627e+00
8.015929789177482334e+00
8.101487373321223373e+00
7.832584897202116814e+00
7.841269348144797924e+00
7.983549252809482688e+00
7.800861864854931937e+00
7.432162968686848004e+00
7.934682500435183528e+00
8.490591706763277458e+00
8.417745504466326523e+00
8.314921828687491967e+00
8.488556398931022429e+00
8.273016505788380215e+00
8.211869097408150964e+00
7.884262531098928939e+00
7.913094294657219585e+00
8.358015139728941278e+00
7.904935459677737697e+00
8.156126263672494048e+00
8.351294117508256676e+00
8.233597916100961811e+00
8.261391723743143345e+00
8.033302440064334249e+00
8.619393563198137542e+00
8.458596471104270265e+00
8.285791762036373242e+00
8.298505549931611824e+00
8.445290364023330554e+00
8.485763595308180030e+00
8.494143901655268891e+00
8.239971684035706900e+00
8.403733643005997678e+00
8.517575729308878962e+00
8.202296971047044138e+00
8.244552116424261001e+00
8.114931922730972857e+00
8.324377360504819023e+00
8.248853523129929144e+00
8.466300415050429962e+00
8.528940717911932978e+00
8.546460821312109601e+00
8.029699816100011489e+00
8.316655869059495387e+00
8.138373889244634896e+00
8.139582040054186507e+00
7.964729273622226380e+00
8.021201304163877666e+00
7.973993161584334466e+00
8.246102323571436798e+00
8.202567154885040068e+00
8.066251433536432813e+00
7.896029047974832515e+00
6.962303236197681322e+00
