1.892089843750000000e-01
1.892089843750000000e-01
1.892089843750000000e-01
2.270507812500000000e-01
2.270507812500000000e-01
1.892089843750000000e-01
2.270507812500000000e-01
1.892089843750000000e-01
1.892089843750000000e-01
1.892089843750000000e-01
1.892089843750000000e-01
1.892089843750000000e-01
1.892089843750000000e-01
1.892089843750000000e-01
1.892089843750000000e-01
2.270507812500000000e-01
2.270507812500000000e-01
2.270507812500000000e-01
2.270507812500000000e-01
2.270507812500000000e-01
1.892089843750000000e-01
1.892089843750000000e-01
1.892089843750000000e-01
1.892089843750000000e-01
1.892089843750000000e-01
1.892089843750000000e-01
1.892089843750000000e-01
1.892089843750000000e-01
1.892089843750000000e-01
1.892089843750000000e-01
3.405761718750000000e-01
2.648925781250000000e-01
3.027343750000000000e-01
2.648925781250000000e-01
3.027343750000000000e-01
3.027343750000000000e-01
3.027343750000000000e-01
2.648925781250000000e-01
3.027343750000000000e-01
2.270507812500000000e-01
2.648925781250000000e-01
2.648925781250000000e-01
1.892089843750000000e-01
2.270507812500000000e-01
2.270507812500000000e-01
3.405761718750000000e-01
3.027343750000000000e-01
3.027343750000000000e-01
3.784179687500000000e-01
3.784179687500000000e-01
3.784179687500000000e-01
3.027343750000000000e-01
3.405761718750000000e-01
2.648925781250000000e-01
2.648925781250000000e-01
2.648925781250000000e-01
2.270507812500000000e-01
2.270507812500000000e-01
2.270507812500000000e-01
2.270507812500000000e-01
4.541015625000000000e-01
3.784179687500000000e-01
4.541015625000000000e-01
3.784179687500000000e-01
4.162597656250000000e-01
3.405761718750000000e-01
3.784179687500000000e-01
3.405761718750000000e-01
3.405761718750000000e-01
3.027343750000000000e-01
2.648925781250000000e-01
2.648925781250000000e-01
2.648925781250000000e-01
2.648925781250000000e-01
3.027343750000000000e-01
6.433105468750000000e-01
6.054687500000000000e-01
5.676269531250000000e-01
4.541015625000000000e-01
4.541015625000000000e-01
4.162597656250000000e-01
4.541015625000000000e-01
5.297851562500000000e-01
4.541015625000000000e-01
4.541015625000000000e-01
3.027343750000000000e-01
3.405761718750000000e-01
3.027343750000000000e-01
3.405761718750000000e-01
3.405761718750000000e-01
6.433105468750000000e-01
6.054687500000000000e-01
6.433105468750000000e-01
5.676269531250000000e-01
5.297851562500000000e-01
4.919433593750000000e-01
5.676269531250000000e-01
4.919433593750000000e-01
3.027343750000000000e-01
3.405761718750000000e-01
3.405761718750000000e-01
3.784179687500000000e-01
3.405761718750000000e-01
3.405761718750000000e-01
3.027343750000000000e-01
5.676269531250000000e-01
6.811523437500000000e-01
7.189941406250000000e-01
5.676269531250000000e-01
5.676269531250000000e-01
6.054687500000000000e-01
5.297851562500000000e-01
4.919433593750000000e-01
3.405761718750000000e-01
4.162597656250000000e-01
4.162597656250000000e-01
4.162597656250000000e-01
4.541015625000000000e-01
4.162597656250000000e-01
4.541015625000000000e-01
4.162597656250000000e-01
7.568359375000000000e-01
1.210937500000000000e+00
7.568359375000000000e-01
6.433105468750000000e-01
8.325195312500000000e-01
7.946777343750000000e-01
7.568359375000000000e-01
8.325195312500000000e-01
7.189941406250000000e-01
6.433105468750000000e-01
7.568359375000000000e-01
5.297851562500000000e-01
4.919433593750000000e-01
5.297851562500000000e-01
7.568359375000000000e-01
7.568359375000000000e-01
7.568359375000000000e-01
8.703613281250000000e-01
4.919433593750000000e-01
8.703613281250000000e-01
7.946777343750000000e-01
8.325195312500000000e-01
5.676269531250000000e-01
9.082031250000000000e-01
7.189941406250000000e-01
7.189941406250000000e-01
8.325195312500000000e-01
5.676269531250000000e-01
4.541015625000000000e-01
9.838867187500000000e-01
5.297851562500000000e-01
7.946777343750000000e-01
8.703613281250000000e-01
7.946777343750000000e-01
7.189941406250000000e-01
8.325195312500000000e-01
7.189941406250000000e-01
9.082031250000000000e-01
8.703613281250000000e-01
9.460449218750000000e-01
7.946777343750000000e-01
1.021728515625000000e+00
9.082031250000000000e-01
9.082031250000000000e-01
6.054687500000000000e-01
7.568359375000000000e-01
8.703613281250000000e-01
6.054687500000000000e-01
6.054687500000000000e-01
6.811523437500000000e-01
6.054687500000000000e-01
7.568359375000000000e-01
6.433105468750000000e-01
9.460449218750000000e-01
1.021728515625000000e+00
7.189941406250000000e-01
6.811523437500000000e-01
7.189941406250000000e-01
7.189941406250000000e-01
6.811523437500000000e-01
6.433105468750000000e-01
6.433105468750000000e-01
8.703613281250000000e-01
7.946777343750000000e-01
8.325195312500000000e-01
7.568359375000000000e-01
9.838867187500000000e-01
9.082031250000000000e-01
7.189941406250000000e-01
7.568359375000000000e-01
7.189941406250000000e-01
6.433105468750000000e-01
6.811523437500000000e-01
7.568359375000000000e-01
6.811523437500000000e-01
7.568359375000000000e-01
6.811523437500000000e-01
6.433105468750000000e-01
6.811523437500000000e-01
7.568359375000000000e-01
6.811523437500000000e-01
7.189941406250000000e-01
7.946777343750000000e-01
8.325195312500000000e-01
9.082031250000000000e-01
9.082031250000000000e-01
8.703613281250000000e-01
8.325195312500000000e-01
7.946777343750000000e-01
7.946777343750000000e-01
7.189941406250000000e-01
7.568359375000000000e-01
6.811523437500000000e-01
7.946777343750000000e-01
7.946777343750000000e-01
7.946777343750000000e-01
7.189941406250000000e-01
6.433105468750000000e-01
7.189941406250000000e-01
7.946777343750000000e-01
7.568359375000000000e-01
7.568359375000000000e-01
8.325195312500000000e-01
8.325195312500000000e-01
7.946777343750000000e-01
1.210937500000000000e+00
8.703613281250000000e-01
8.325195312500000000e-01
1.210937500000000000e+00
9.460449218750000000e-01
7.568359375000000000e-01
7.568359375000000000e-01
7.189941406250000000e-01
8.325195312500000000e-01
7.946777343750000000e-01
8.325195312500000000e-01
8.703613281250000000e-01
9.460449218750000000e-01
8.325195312500000000e-01
1.210937500000000000e+00
1.210937500000000000e+00
1.210937500000000000e+00
1.210937500000000000e+00
8.325195312500000000e-01
8.703613281250000000e-01
1.210937500000000000e+00
1.210937500000000000e+00
1.210937500000000000e+00
1.210937500000000000e+00
1.210937500000000000e+00
8.703613281250000000e-01
8.325195312500000000e-01
1.210937500000000000e+00
8.703613281250000000e-01
1.210937500000000000e+00
1.210937500000000000e+00
1.210937500000000000e+00
1.210937500000000000e+00
1.210937500000000000e+00
1.210937500000000000e+00
1.210937500000000000e+00
1.210937500000000000e+00
1.210937500000000000e+00
1.210937500000000000e+00
1.210937500000000000e+00
1.210937500000000000e+00
1.210937500000000000e+00
1.210937500000000000e+00
1.210937500000000000e+00
1.210937500000000000e+00
1.210937500000000000e+00
1.210937500000000000e+00
1.210937500000000000e+00
1.210937500000000000e+00
1.210937500000000000e+00
1.210937500000000000e+00
1.210937500000000000e+00
1.210937500000000000e+00
1.210937500000000000e+00
1.210937500000000000e+00
1.210937500000000000e+00
1.210937500000000000e+00
1.210937500000000000e+00
1.210937500000000000e+00
1.210937500000000000e+00
1.210937500000000000e+00
1.210937500000000000e+00
1.362304687500000000e+00
1.210937500000000000e+00
1.210937500000000000e+00
1.362304687500000000e+00
1.210937500000000000e+00
1.210937500000000000e+00
1.324462890625000000e+00
1.210937500000000000e+00
1.210937500000000000e+00
1.324462890625000000e+00
1.210937500000000000e+00
1.210937500000000000e+00
1.210937500000000000e+00
1.400146484375000000e+00
1.362304687500000000e+00
1.362304687500000000e+00
1.210937500000000000e+00
1.362304687500000000e+00
1.210937500000000000e+00
1.210937500000000000e+00
1.362304687500000000e+00
1.324462890625000000e+00
1.400146484375000000e+00
1.362304687500000000e+00
1.362304687500000000e+00
1.362304687500000000e+00
1.362304687500000000e+00
1.400146484375000000e+00
1.778564453125000000e+00
1.400146484375000000e+00
1.362304687500000000e+00
1.400146484375000000e+00
1.362304687500000000e+00
1.362304687500000000e+00
1.362304687500000000e+00
1.400146484375000000e+00
1.778564453125000000e+00
1.362304687500000000e+00
1.400146484375000000e+00
1.362304687500000000e+00
1.400146484375000000e+00
1.362304687500000000e+00
1.778564453125000000e+00
1.778564453125000000e+00
1.400146484375000000e+00
1.778564453125000000e+00
1.400146484375000000e+00
1.778564453125000000e+00
1.400146484375000000e+00
1.778564453125000000e+00
1.778564453125000000e+00
1.778564453125000000e+00
1.362304687500000000e+00
1.778564453125000000e+00
1.778564453125000000e+00
1.778564453125000000e+00
1.778564453125000000e+00
1.778564453125000000e+00
1.778564453125000000e+00
1.778564453125000000e+00
1.778564453125000000e+00
1.778564453125000000e+00
1.778564453125000000e+00
1.778564453125000000e+00
1.816406250000000000e+00
1.778564453125000000e+00
1.778564453125000000e+00
1.362304687500000000e+00
1.778564453125000000e+00
1.778564453125000000e+00
1.778564453125000000e+00
1.778564453125000000e+00
2.421875000000000000e+00
1.778564453125000000e+00
1.778564453125000000e+00
1.778564453125000000e+00
1.778564453125000000e+00
1.778564453125000000e+00
1.778564453125000000e+00
1.778564453125000000e+00
1.778564453125000000e+00
1.778564453125000000e+00
1.778564453125000000e+00
1.778564453125000000e+00
1.778564453125000000e+00
1.778564453125000000e+00
1.778564453125000000e+00
1.778564453125000000e+00
1.778564453125000000e+00
2.421875000000000000e+00
2.421875000000000000e+00
2.421875000000000000e+00
2.421875000000000000e+00
1.778564453125000000e+00
1.778564453125000000e+00
2.421875000000000000e+00
1.816406250000000000e+00
2.421875000000000000e+00
2.421875000000000000e+00
1.778564453125000000e+00
1.778564453125000000e+00
2.421875000000000000e+00
2.421875000000000000e+00
2.421875000000000000e+00
2.421875000000000000e+00
2.421875000000000000e+00
2.421875000000000000e+00
2.421875000000000000e+00
2.421875000000000000e+00
2.421875000000000000e+00
2.421875000000000000e+00
2.421875000000000000e+00
2.421875000000000000e+00
2.421875000000000000e+00
2.421875000000000000e+00
2.421875000000000000e+00
2.421875000000000000e+00
2.421875000000000000e+00
2.421875000000000000e+00
2.421875000000000000e+00
2.421875000000000000e+00
2.421875000000000000e+00
2.421875000000000000e+00
2.421875000000000000e+00
2.421875000000000000e+00
2.421875000000000000e+00
2.421875000000000000e+00
2.421875000000000000e+00
2.421875000000000000e+00
2.421875000000000000e+00
2.421875000000000000e+00
2.421875000000000000e+00
2.421875000000000000e+00
2.421875000000000000e+00
2.421875000000000000e+00
2.421875000000000000e+00
2.421875000000000000e+00
2.421875000000000000e+00
2.421875000000000000e+00
2.421875000000000000e+00
2.421875000000000000e+00
2.421875000000000000e+00
2.421875000000000000e+00
2.421875000000000000e+00
2.421875000000000000e+00
2.421875000000000000e+00
2.421875000000000000e+00
3.859863281250000000e+00
3.103027343750000000e+00
3.103027343750000000e+00
3.103027343750000000e+00
2.421875000000000000e+00
2.421875000000000000e+00
2.421875000000000000e+00
2.421875000000000000e+00
2.421875000000000000e+00
2.421875000000000000e+00
2.421875000000000000e+00
2.421875000000000000e+00
2.421875000000000000e+00
2.421875000000000000e+00
2.421875000000000000e+00
3.859863281250000000e+00
3.822021484375000000e+00
3.103027343750000000e+00
3.822021484375000000e+00
2.421875000000000000e+00
3.103027343750000000e+00
2.421875000000000000e+00
2.421875000000000000e+00
2.421875000000000000e+00
2.421875000000000000e+00
2.421875000000000000e+00
2.421875000000000000e+00
3.103027343750000000e+00
2.421875000000000000e+00
2.421875000000000000e+00
3.822021484375000000e+00
3.103027343750000000e+00
3.103027343750000000e+00
3.103027343750000000e+00
2.421875000000000000e+00
2.421875000000000000e+00
3.103027343750000000e+00
2.421875000000000000e+00
2.421875000000000000e+00
3.822021484375000000e+00
3.103027343750000000e+00
3.103027343750000000e+00
3.822021484375000000e+00
3.103027343750000000e+00
3.103027343750000000e+00
3.822021484375000000e+00
3.822021484375000000e+00
3.822021484375000000e+00
3.784179687500000000e+00
3.822021484375000000e+00
3.859863281250000000e+00
3.822021484375000000e+00
3.822021484375000000e+00
3.103027343750000000e+00
3.103027343750000000e+00
3.859863281250000000e+00
2.421875000000000000e+00
2.421875000000000000e+00
3.103027343750000000e+00
3.822021484375000000e+00
3.822021484375000000e+00
3.822021484375000000e+00
3.822021484375000000e+00
3.822021484375000000e+00
3.859863281250000000e+00
3.822021484375000000e+00
3.822021484375000000e+00
3.822021484375000000e+00
3.822021484375000000e+00
3.859863281250000000e+00
3.822021484375000000e+00
3.859863281250000000e+00
3.859863281250000000e+00
3.859863281250000000e+00
3.822021484375000000e+00
3.859863281250000000e+00
3.822021484375000000e+00
3.822021484375000000e+00
3.859863281250000000e+00
3.859863281250000000e+00
3.822021484375000000e+00
3.822021484375000000e+00
3.822021484375000000e+00
3.859863281250000000e+00
3.859863281250000000e+00
3.859863281250000000e+00
3.859863281250000000e+00
3.822021484375000000e+00
3.822021484375000000e+00
3.822021484375000000e+00
3.859863281250000000e+00
3.859863281250000000e+00
3.859863281250000000e+00
3.822021484375000000e+00
3.822021484375000000e+00
3.822021484375000000e+00
3.822021484375000000e+00
3.859863281250000000e+00
3.859863281250000000e+00
3.822021484375000000e+00
3.822021484375000000e+00
3.859863281250000000e+00
3.822021484375000000e+00
3.859863281250000000e+00
3.822021484375000000e+00
3.859863281250000000e+00
3.859863281250000000e+00
3.822021484375000000e+00
3.822021484375000000e+00
3.822021484375000000e+00
3.859863281250000000e+00
3.822021484375000000e+00
3.822021484375000000e+00
3.822021484375000000e+00
3.859863281250000000e+00
3.822021484375000000e+00
3.822021484375000000e+00
3.859863281250000000e+00
3.859863281250000000e+00
3.822021484375000000e+00
3.859863281250000000e+00
3.822021484375000000e+00
3.859863281250000000e+00
3.859863281250000000e+00
3.859863281250000000e+00
3.859863281250000000e+00
3.822021484375000000e+00
3.822021484375000000e+00
3.859863281250000000e+00
3.822021484375000000e+00
3.859863281250000000e+00
3.859863281250000000e+00
3.822021484375000000e+00
3.822021484375000000e+00
3.859863281250000000e+00
3.859863281250000000e+00
3.859863281250000000e+00
3.859863281250000000e+00
3.859863281250000000e+00
3.859863281250000000e+00
3.859863281250000000e+00
3.859863281250000000e+00
3.859863281250000000e+00
3.859863281250000000e+00
3.859863281250000000e+00
3.859863281250000000e+00
3.859863281250000000e+00
3.859863281250000000e+00
3.822021484375000000e+00
3.859863281250000000e+00
3.822021484375000000e+00
3.822021484375000000e+00
3.822021484375000000e+00
3.859863281250000000e+00
3.822021484375000000e+00
3.822021484375000000e+00
3.859863281250000000e+00
3.859863281250000000e+00
3.859863281250000000e+00
3.859863281250000000e+00
3.859863281250000000e+00
3.859863281250000000e+00
3.859863281250000000e+00
3.859863281250000000e+00
3.822021484375000000e+00
3.859863281250000000e+00
3.822021484375000000e+00
3.859863281250000000e+00
3.822021484375000000e+00
3.859863281250000000e+00
3.859863281250000000e+00
3.822021484375000000e+00
3.859863281250000000e+00
3.859863281250000000e+00
3.859863281250000000e+00
3.859863281250000000e+00
3.822021484375000000e+00
3.822021484375000000e+00
3.859863281250000000e+00
3.859863281250000000e+00
3.822021484375000000e+00
3.859863281250000000e+00
3.822021484375000000e+00
3.859863281250000000e+00
3.822021484375000000e+00
3.859863281250000000e+00
3.859863281250000000e+00
3.859863281250000000e+00
3.822021484375000000e+00
3.859863281250000000e+00
3.822021484375000000e+00
3.822021484375000000e+00
3.822021484375000000e+00
3.859863281250000000e+00
3.859863281250000000e+00
3.859863281250000000e+00
3.859863281250000000e+00
3.822021484375000000e+00
3.859863281250000000e+00
3.859863281250000000e+00
3.859863281250000000e+00
3.859863281250000000e+00
3.859863281250000000e+00
3.859863281250000000e+00
3.859863281250000000e+00
3.859863281250000000e+00
3.822021484375000000e+00
3.822021484375000000e+00
3.859863281250000000e+00
3.859863281250000000e+00
3.822021484375000000e+00
3.822021484375000000e+00
3.822021484375000000e+00
3.822021484375000000e+00
3.859863281250000000e+00
3.859863281250000000e+00
3.859863281250000000e+00
3.859863281250000000e+00
3.822021484375000000e+00
3.859863281250000000e+00
3.859863281250000000e+00
3.859863281250000000e+00
3.859863281250000000e+00
3.859863281250000000e+00
3.859863281250000000e+00
3.859863281250000000e+00
3.859863281250000000e+00
3.859863281250000000e+00
3.822021484375000000e+00
3.822021484375000000e+00
3.859863281250000000e+00
3.859863281250000000e+00
3.859863281250000000e+00
3.859863281250000000e+00
3.859863281250000000e+00
3.822021484375000000e+00
3.859863281250000000e+00
3.859863281250000000e+00
3.859863281250000000e+00
3.859863281250000000e+00
3.859863281250000000e+00
3.822021484375000000e+00
3.822021484375000000e+00
3.859863281250000000e+00
3.859863281250000000e+00
3.859863281250000000e+00
3.822021484375000000e+00
3.859863281250000000e+00
3.859863281250000000e+00
3.822021484375000000e+00
3.859863281250000000e+00
3.859863281250000000e+00
3.859863281250000000e+00
3.822021484375000000e+00
3.859863281250000000e+00
3.859863281250000000e+00
3.859863281250000000e+00
3.822021484375000000e+00
3.859863281250000000e+00
3.822021484375000000e+00
3.859863281250000000e+00
3.822021484375000000e+00
3.859863281250000000e+00
3.859863281250000000e+00
3.859863281250000000e+00
3.859863281250000000e+00
3.822021484375000000e+00
3.859863281250000000e+00
3.859863281250000000e+00
3.859863281250000000e+00
3.859863281250000000e+00
3.859863281250000000e+00
3.859863281250000000e+00
3.859863281250000000e+00
3.859863281250000000e+00
3.859863281250000000e+00
3.822021484375000000e+00
3.859863281250000000e+00
3.859863281250000000e+00
3.859863281250000000e+00
3.859863281250000000e+00
3.859863281250000000e+00
3.859863281250000000e+00
3.859863281250000000e+00
3.859863281250000000e+00
3.822021484375000000e+00
3.822021484375000000e+00
3.859863281250000000e+00
3.859863281250000000e+00
4.654541015625000000e+00
3.859863281250000000e+00
3.859863281250000000e+00
4.654541015625000000e+00
3.822021484375000000e+00
3.859863281250000000e+00
3.822021484375000000e+00
3.859863281250000000e+00
3.822021484375000000e+00
3.859863281250000000e+00
3.859863281250000000e+00
3.822021484375000000e+00
3.859863281250000000e+00
3.859863281250000000e+00
3.859863281250000000e+00
3.859863281250000000e+00
3.859863281250000000e+00
3.859863281250000000e+00
3.859863281250000000e+00
3.859863281250000000e+00
3.859863281250000000e+00
3.859863281250000000e+00
3.859863281250000000e+00
3.859863281250000000e+00
3.859863281250000000e+00
3.859863281250000000e+00
3.822021484375000000e+00
3.859863281250000000e+00
4.654541015625000000e+00
3.859863281250000000e+00
4.654541015625000000e+00
3.859863281250000000e+00
5.260009765625000000e+00
3.822021484375000000e+00
3.859863281250000000e+00
3.859863281250000000e+00
3.822021484375000000e+00
3.822021484375000000e+00
3.859863281250000000e+00
3.859863281250000000e+00
3.822021484375000000e+00
5.260009765625000000e+00
3.859863281250000000e+00
5.260009765625000000e+00
3.859863281250000000e+00
3.859863281250000000e+00
3.859863281250000000e+00
3.859863281250000000e+00
3.859863281250000000e+00
5.260009765625000000e+00
3.822021484375000000e+00
3.859863281250000000e+00
5.260009765625000000e+00
3.859863281250000000e+00
4.654541015625000000e+00
3.859863281250000000e+00
5.260009765625000000e+00
5.260009765625000000e+00
3.822021484375000000e+00
5.260009765625000000e+00
5.260009765625000000e+00
3.822021484375000000e+00
3.859863281250000000e+00
5.260009765625000000e+00
3.859863281250000000e+00
3.859863281250000000e+00
5.260009765625000000e+00
3.859863281250000000e+00
3.859863281250000000e+00
5.260009765625000000e+00
3.859863281250000000e+00
5.260009765625000000e+00
3.822021484375000000e+00
5.260009765625000000e+00
3.859863281250000000e+00
5.260009765625000000e+00
5.260009765625000000e+00
4.654541015625000000e+00
5.260009765625000000e+00
3.859863281250000000e+00
3.859863281250000000e+00
5.260009765625000000e+00
5.260009765625000000e+00
3.859863281250000000e+00
5.260009765625000000e+00
3.822021484375000000e+00
5.260009765625000000e+00
3.859863281250000000e+00
5.260009765625000000e+00
5.260009765625000000e+00
5.260009765625000000e+00
4.654541015625000000e+00
5.260009765625000000e+00
5.260009765625000000e+00
5.260009765625000000e+00
4.654541015625000000e+00
5.260009765625000000e+00
3.859863281250000000e+00
3.859863281250000000e+00
5.260009765625000000e+00
4.654541015625000000e+00
5.260009765625000000e+00
5.260009765625000000e+00
5.260009765625000000e+00
5.260009765625000000e+00
5.260009765625000000e+00
5.260009765625000000e+00
4.654541015625000000e+00
5.260009765625000000e+00
5.260009765625000000e+00
5.260009765625000000e+00
5.260009765625000000e+00
5.260009765625000000e+00
5.260009765625000000e+00
5.260009765625000000e+00
5.260009765625000000e+00
5.260009765625000000e+00
5.260009765625000000e+00
5.260009765625000000e+00
5.260009765625000000e+00
5.260009765625000000e+00
5.260009765625000000e+00
5.260009765625000000e+00
5.260009765625000000e+00
5.260009765625000000e+00
5.260009765625000000e+00
5.260009765625000000e+00
4.654541015625000000e+00
5.260009765625000000e+00
5.260009765625000000e+00
3.859863281250000000e+00
4.654541015625000000e+00
5.260009765625000000e+00
5.260009765625000000e+00
5.260009765625000000e+00
5.260009765625000000e+00
5.260009765625000000e+00
5.260009765625000000e+00
5.260009765625000000e+00
5.260009765625000000e+00
5.260009765625000000e+00
5.260009765625000000e+00
5.260009765625000000e+00
5.260009765625000000e+00
5.260009765625000000e+00
5.260009765625000000e+00
5.260009765625000000e+00
5.260009765625000000e+00
5.260009765625000000e+00
5.260009765625000000e+00
5.260009765625000000e+00
5.260009765625000000e+00
5.260009765625000000e+00
5.260009765625000000e+00
5.260009765625000000e+00
5.260009765625000000e+00
5.260009765625000000e+00
5.260009765625000000e+00
5.260009765625000000e+00
5.260009765625000000e+00
5.260009765625000000e+00
5.260009765625000000e+00
5.260009765625000000e+00
5.260009765625000000e+00
3.859863281250000000e+00
5.260009765625000000e+00
5.260009765625000000e+00
5.260009765625000000e+00
5.260009765625000000e+00
5.260009765625000000e+00
5.260009765625000000e+00
5.260009765625000000e+00
5.260009765625000000e+00
5.260009765625000000e+00
5.260009765625000000e+00
5.260009765625000000e+00
5.260009765625000000e+00
5.260009765625000000e+00
5.260009765625000000e+00
5.260009765625000000e+00
5.260009765625000000e+00
5.260009765625000000e+00
5.260009765625000000e+00
5.260009765625000000e+00
5.260009765625000000e+00
5.260009765625000000e+00
5.260009765625000000e+00
5.260009765625000000e+00
5.260009765625000000e+00
5.260009765625000000e+00
5.260009765625000000e+00
5.260009765625000000e+00
3.859863281250000000e+00
5.260009765625000000e+00
5.260009765625000000e+00
5.260009765625000000e+00
5.260009765625000000e+00
5.260009765625000000e+00
5.260009765625000000e+00
5.260009765625000000e+00
5.260009765625000000e+00
5.260009765625000000e+00
5.260009765625000000e+00
5.260009765625000000e+00
5.260009765625000000e+00
5.260009765625000000e+00
5.260009765625000000e+00
5.260009765625000000e+00
5.260009765625000000e+00
5.260009765625000000e+00
5.260009765625000000e+00
5.260009765625000000e+00
5.260009765625000000e+00
5.260009765625000000e+00
5.260009765625000000e+00
5.260009765625000000e+00
5.260009765625000000e+00
5.260009765625000000e+00
5.260009765625000000e+00
5.260009765625000000e+00
5.260009765625000000e+00
5.260009765625000000e+00
5.260009765625000000e+00
5.260009765625000000e+00
5.260009765625000000e+00
5.260009765625000000e+00
5.260009765625000000e+00
5.260009765625000000e+00
5.260009765625000000e+00
5.260009765625000000e+00
5.260009765625000000e+00
5.260009765625000000e+00
5.260009765625000000e+00
5.260009765625000000e+00
5.260009765625000000e+00
5.260009765625000000e+00
5.260009765625000000e+00
5.260009765625000000e+00
5.260009765625000000e+00
5.260009765625000000e+00
5.260009765625000000e+00
5.260009765625000000e+00
5.260009765625000000e+00
5.260009765625000000e+00
5.260009765625000000e+00
5.260009765625000000e+00
5.260009765625000000e+00
5.260009765625000000e+00
5.260009765625000000e+00
5.260009765625000000e+00
5.260009765625000000e+00
5.260009765625000000e+00
5.260009765625000000e+00
5.260009765625000000e+00
5.260009765625000000e+00
5.260009765625000000e+00
5.260009765625000000e+00
5.260009765625000000e+00
5.260009765625000000e+00
5.260009765625000000e+00
5.260009765625000000e+00
5.260009765625000000e+00
5.260009765625000000e+00
5.260009765625000000e+00
5.260009765625000000e+00
5.260009765625000000e+00
5.260009765625000000e+00
5.260009765625000000e+00
5.260009765625000000e+00
5.260009765625000000e+00
5.260009765625000000e+00
5.260009765625000000e+00
5.260009765625000000e+00
5.260009765625000000e+00
5.260009765625000000e+00
5.260009765625000000e+00
5.260009765625000000e+00
5.260009765625000000e+00
5.260009765625000000e+00
5.260009765625000000e+00
5.260009765625000000e+00
5.260009765625000000e+00
5.260009765625000000e+00
5.260009765625000000e+00
5.260009765625000000e+00
5.260009765625000000e+00
5.260009765625000000e+00
5.260009765625000000e+00
5.260009765625000000e+00
5.260009765625000000e+00
5.260009765625000000e+00
5.260009765625000000e+00
5.260009765625000000e+00
5.260009765625000000e+00
5.260009765625000000e+00
5.260009765625000000e+00
5.260009765625000000e+00
5.260009765625000000e+00
7.000732421875000000e+00
5.260009765625000000e+00
5.260009765625000000e+00
5.260009765625000000e+00
5.260009765625000000e+00
5.260009765625000000e+00
5.260009765625000000e+00
7.000732421875000000e+00
5.260009765625000000e+00
5.260009765625000000e+00
5.260009765625000000e+00
5.260009765625000000e+00
5.260009765625000000e+00
7.000732421875000000e+00
7.000732421875000000e+00
5.260009765625000000e+00
7.000732421875000000e+00
7.000732421875000000e+00
7.000732421875000000e+00
5.260009765625000000e+00
5.260009765625000000e+00
7.000732421875000000e+00
7.000732421875000000e+00
7.000732421875000000e+00
7.000732421875000000e+00
7.000732421875000000e+00
5.260009765625000000e+00
5.260009765625000000e+00
7.000732421875000000e+00
5.260009765625000000e+00
7.000732421875000000e+00
7.000732421875000000e+00
5.260009765625000000e+00
7.000732421875000000e+00
7.000732421875000000e+00
7.000732421875000000e+00
5.260009765625000000e+00
7.000732421875000000e+00
5.260009765625000000e+00
5.260009765625000000e+00
7.000732421875000000e+00
7.000732421875000000e+00
7.000732421875000000e+00
7.000732421875000000e+00
7.000732421875000000e+00
7.000732421875000000e+00
7.000732421875000000e+00
7.000732421875000000e+00
7.000732421875000000e+00
7.000732421875000000e+00
7.000732421875000000e+00
5.260009765625000000e+00
5.260009765625000000e+00
7.000732421875000000e+00
7.000732421875000000e+00
7.000732421875000000e+00
7.000732421875000000e+00
7.000732421875000000e+00
7.000732421875000000e+00
7.000732421875000000e+00
7.000732421875000000e+00
7.000732421875000000e+00
7.000732421875000000e+00
5.260009765625000000e+00
7.000732421875000000e+00
7.000732421875000000e+00
7.000732421875000000e+00
7.000732421875000000e+00
7.000732421875000000e+00
7.000732421875000000e+00
7.000732421875000000e+00
7.000732421875000000e+00
7.000732421875000000e+00
7.000732421875000000e+00
7.000732421875000000e+00
7.000732421875000000e+00
7.000732421875000000e+00
7.000732421875000000e+00
7.000732421875000000e+00
7.000732421875000000e+00
7.000732421875000000e+00
7.000732421875000000e+00
7.000732421875000000e+00
7.000732421875000000e+00
7.000732421875000000e+00
7.000732421875000000e+00
7.000732421875000000e+00
7.000732421875000000e+00
7.000732421875000000e+00
7.000732421875000000e+00
9.233398437500000000e+00
7.000732421875000000e+00
7.000732421875000000e+00
7.000732421875000000e+00
7.000732421875000000e+00
7.000732421875000000e+00
9.195556640625000000e+00
8.022460937500000000e+00
8.022460937500000000e+00
7.000732421875000000e+00
7.000732421875000000e+00
7.000732421875000000e+00
7.000732421875000000e+00
9.195556640625000000e+00
9.498291015625000000e+00
9.195556640625000000e+00
9.195556640625000000e+00
9.195556640625000000e+00
7.000732421875000000e+00
7.000732421875000000e+00
7.000732421875000000e+00
7.000732421875000000e+00
7.000732421875000000e+00
7.000732421875000000e+00
7.000732421875000000e+00
9.195556640625000000e+00
7.000732421875000000e+00
7.000732421875000000e+00
9.195556640625000000e+00
9.195556640625000000e+00
7.000732421875000000e+00
9.498291015625000000e+00
9.195556640625000000e+00
9.498291015625000000e+00
9.498291015625000000e+00
9.195556640625000000e+00
9.195556640625000000e+00
9.498291015625000000e+00
9.195556640625000000e+00
9.195556640625000000e+00
7.000732421875000000e+00
9.195556640625000000e+00
9.195556640625000000e+00
9.233398437500000000e+00
9.233398437500000000e+00
9.498291015625000000e+00
7.000732421875000000e+00
9.195556640625000000e+00
8.022460937500000000e+00
7.000732421875000000e+00
7.000732421875000000e+00
7.000732421875000000e+00
7.000732421875000000e+00
8.022460937500000000e+00
9.498291015625000000e+00
7.000732421875000000e+00
7.000732421875000000e+00
7.000732421875000000e+00
