-1.055835783481597900e-01
-1.036942452192306519e-01
-1.343448162078857422e-01
-8.650286495685577393e-02
-9.036712348461151123e-02
-9.554435312747955322e-02
-5.764162167906761169e-02
-1.658716052770614624e-01
2.695666626095771790e-02
3.967644274234771729e-01
3.521757423877716064e-01
5.633466243743896484e-01
4.483509957790374756e-01
5.588330626487731934e-01
4.454481899738311768e-01
2.185094729065895081e-02
7.164797186851501465e-02
-3.222526237368583679e-02
-7.744543254375457764e-04
-5.147832259535789490e-02
4.081290066242218018e-01
3.090676367282867432e-01
2.823683023452758789e-01
3.301788270473480225e-01
3.953476548194885254e-01
4.115813672542572021e-01
2.985617220401763916e-01
3.206030130386352539e-01
2.812001407146453857e-01
3.271178901195526123e-01
3.642950057983398438e-01
1.041882038116455078e-01
2.479865252971649170e-01
1.807142496109008789e-01
2.053654044866561890e-01
3.193535208702087402e-01
2.462261319160461426e-01
1.078200787305831909e-01
2.520449161529541016e-01
3.440907970070838928e-02
2.637346461415290833e-02
7.657516002655029297e-02
2.896902263164520264e-01
3.161681890487670898e-01
2.771783769130706787e-01
4.959447681903839111e-01
2.953332364559173584e-01
3.060214817523956299e-01
4.520724117755889893e-01
4.977823793888092041e-01
4.215723574161529541e-01
2.752049863338470459e-01
3.758128285408020020e-01
4.032217562198638916e-01
4.109542667865753174e-01
3.015999794006347656e-01
3.665250837802886963e-01
3.781367838382720947e-01
3.564731478691101074e-01
3.826126158237457275e-01
7.079439163208007812e-01
5.654701590538024902e-01
6.580753922462463379e-01
4.914139807224273682e-01
6.089780330657958984e-01
4.589483439922332764e-01
4.888260662555694580e-01
5.270596742630004883e-01
5.981264114379882812e-01
5.086925625801086426e-01
4.218259155750274658e-01
4.610736668109893799e-01
4.043206870555877686e-01
4.561600983142852783e-01
5.475613474845886230e-01
9.456313252449035645e-01
8.301011919975280762e-01
7.922633886337280273e-01
6.636135578155517578e-01
6.456507444381713867e-01
5.434539914131164551e-01
5.865454673767089844e-01
8.041639328002929688e-01
5.871337652206420898e-01
6.075966358184814453e-01
4.543141424655914307e-01
5.280527472496032715e-01
4.778090119361877441e-01
5.832954049110412598e-01
5.757974386215209961e-01
8.937494158744812012e-01
8.687481284141540527e-01
8.690637350082397461e-01
9.330173730850219727e-01
8.035904765129089355e-01
8.388189077377319336e-01
7.837221622467041016e-01
7.084848880767822266e-01
4.972552359104156494e-01
6.270107030868530273e-01
6.079306602478027344e-01
6.533798575401306152e-01
5.752211213111877441e-01
5.729019641876220703e-01
4.995112121105194092e-01
7.911393642425537109e-01
8.979328870773315430e-01
1.009063601493835449e+00
8.611621260643005371e-01
8.470251560211181641e-01
8.555018305778503418e-01
7.225089073181152344e-01
6.744673848152160645e-01
6.172045469284057617e-01
7.232289314270019531e-01
6.570704579353332520e-01
6.633390188217163086e-01
7.522516846656799316e-01
6.757985353469848633e-01
6.973678469657897949e-01
7.144091725349426270e-01
1.190955877304077148e+00
1.374422430992126465e+00
1.097230792045593262e+00
9.973385334014892578e-01
9.775441884994506836e-01
9.807930588722229004e-01
1.153212785720825195e+00
9.656025171279907227e-01
9.135784506797790527e-01
1.020674586296081543e+00
1.000617861747741699e+00
8.512572050094604492e-01
8.239338994026184082e-01
9.012295603752136230e-01
1.141244649887084961e+00
1.382367849349975586e+00
1.111026883125305176e+00
1.247786521911621094e+00
7.644499540328979492e-01
1.016196012496948242e+00
9.022032618522644043e-01
1.026851177215576172e+00
9.415955543518066406e-01
1.049137592315673828e+00
1.050427436828613281e+00
9.412006735801696777e-01
1.094269990921020508e+00
8.865637183189392090e-01
7.260748147964477539e-01
1.516295194625854492e+00
8.431866765022277832e-01
1.224215626716613770e+00
1.383038163185119629e+00
1.198127269744873047e+00
1.030082225799560547e+00
1.127308487892150879e+00
1.009207367897033691e+00
1.009659409523010254e+00
9.780289530754089355e-01
1.112398982048034668e+00
1.312516093254089355e+00
1.193203806877136230e+00
1.033341407775878906e+00
1.096759796142578125e+00
1.008677363395690918e+00
1.152093291282653809e+00
1.379421234130859375e+00
1.054404735565185547e+00
9.749581217765808105e-01
1.102404475212097168e+00
1.078141689300537109e+00
1.180714726448059082e+00
1.011757135391235352e+00
1.094046235084533691e+00
1.322060704231262207e+00
8.808360695838928223e-01
8.490288257598876953e-01
8.748555779457092285e-01
8.709863424301147461e-01
1.126776218414306641e+00
1.139392852783203125e+00
1.156399011611938477e+00
1.325589656829833984e+00
1.276583552360534668e+00
1.360296607017517090e+00
1.247949481010437012e+00
1.418253660202026367e+00
1.557345151901245117e+00
1.071036219596862793e+00
9.003223180770874023e-01
8.616042733192443848e-01
8.612886667251586914e-01
8.877658843994140625e-01
8.768627643585205078e-01
1.164454698562622070e+00
1.182399511337280273e+00
1.208245038986206055e+00
1.139295697212219238e+00
1.176468491554260254e+00
1.278148531913757324e+00
1.216537952423095703e+00
1.138676166534423828e+00
1.304937481880187988e+00
1.315004587173461914e+00
1.467886209487915039e+00
9.193320870399475098e-01
8.614653348922729492e-01
8.997358679771423340e-01
8.911997079849243164e-01
1.300971865653991699e+00
1.302501201629638672e+00
1.225851655006408691e+00
1.193264961242675781e+00
1.300496101379394531e+00
1.376555204391479492e+00
1.408927917480468750e+00
1.258191108703613281e+00
1.292959690093994141e+00
1.150738120079040527e+00
1.351372599601745605e+00
1.321649909019470215e+00
1.389882326126098633e+00
1.350990533828735352e+00
1.365840196609497070e+00
1.460331201553344727e+00
1.648856163024902344e+00
1.541553258895874023e+00
1.437022805213928223e+00
1.616779685020446777e+00
1.515769481658935547e+00
1.438424587249755859e+00
1.349860668182373047e+00
1.250399589538574219e+00
1.428757905960083008e+00
1.364324092864990234e+00
1.433841943740844727e+00
1.495853185653686523e+00
1.601997613906860352e+00
1.382500052452087402e+00
1.737096309661865234e+00
1.751564145088195801e+00
1.729759693145751953e+00
1.698247194290161133e+00
1.572128057479858398e+00
1.661380290985107422e+00
1.685787081718444824e+00
1.634202599525451660e+00
1.725033879280090332e+00
1.808113455772399902e+00
1.824208498001098633e+00
1.594835758209228516e+00
1.620374083518981934e+00
1.695405721664428711e+00
1.493651390075683594e+00
1.767340779304504395e+00
1.780458092689514160e+00
1.818666577339172363e+00
1.731409072875976562e+00
1.707306861877441406e+00
1.783171415328979492e+00
1.789193987846374512e+00
1.838360905647277832e+00
1.684777975082397461e+00
1.830865502357482910e+00
1.837358713150024414e+00
1.764645576477050781e+00
1.707027912139892578e+00
1.843683242797851562e+00
1.853087425231933594e+00
1.954794883728027344e+00
1.876361250877380371e+00
1.975700378417968750e+00
1.889698505401611328e+00
1.774893045425415039e+00
1.791048288345336914e+00
1.796446442604064941e+00
1.785780668258666992e+00
1.790994524955749512e+00
1.897297501564025879e+00
1.722941875457763672e+00
1.910893797874450684e+00
1.861433863639831543e+00
1.872103929519653320e+00
1.709174871444702148e+00
1.970959901809692383e+00
1.889481663703918457e+00
1.927971243858337402e+00
1.990861177444458008e+00
2.097253561019897461e+00
1.963110804557800293e+00
2.105719327926635742e+00
2.050781250000000000e+00
1.941837310791015625e+00
2.053640842437744141e+00
2.021772384643554688e+00
1.892663478851318359e+00
2.011905670166015625e+00
1.871542572975158691e+00
1.931162118911743164e+00
2.111762046813964844e+00
2.137859344482421875e+00
2.093809366226196289e+00
2.153679370880126953e+00
2.113300800323486328e+00
2.097002506256103516e+00
2.119139432907104492e+00
1.985085010528564453e+00
1.976061224937438965e+00
1.972680211067199707e+00
2.138116121292114258e+00
2.100208282470703125e+00
1.998443722724914551e+00
2.141487360000610352e+00
2.086972713470458984e+00
2.166939496994018555e+00
2.465152263641357422e+00
2.256828546524047852e+00
2.159697532653808594e+00
2.233358383178710938e+00
2.182643890380859375e+00
2.080729246139526367e+00
2.115042924880981445e+00
2.255784034729003906e+00
2.309581756591796875e+00
2.116595268249511719e+00
2.171538829803466797e+00
2.093311786651611328e+00
2.147028207778930664e+00
2.270640850067138672e+00
2.303828477859497070e+00
2.219930648803710938e+00
2.300327301025390625e+00
2.283568620681762695e+00
2.328663587570190430e+00
2.412398099899291992e+00
2.268283843994140625e+00
2.256424665451049805e+00
2.280829429626464844e+00
2.363966464996337891e+00
2.290836095809936523e+00
2.288522243499755859e+00
2.298904418945312500e+00
2.293027877807617188e+00
2.372491121292114258e+00
2.287109613418579102e+00
2.307440280914306641e+00
2.301481246948242188e+00
2.405155420303344727e+00
2.442595720291137695e+00
2.492034673690795898e+00
2.362925052642822266e+00
2.415964841842651367e+00
2.505541801452636719e+00
2.380054950714111328e+00
2.167412281036376953e+00
2.298949718475341797e+00
2.430634975433349609e+00
2.471207618713378906e+00
2.293700218200683594e+00
2.588576555252075195e+00
2.510968208312988281e+00
2.456848144531250000e+00
2.409512042999267578e+00
2.421586275100708008e+00
2.522625923156738281e+00
2.398330688476562500e+00
2.558305025100708008e+00
2.452478647232055664e+00
2.507555723190307617e+00
2.455243349075317383e+00
2.349195003509521484e+00
2.426362037658691406e+00
2.490368127822875977e+00
2.544137239456176758e+00
2.694381475448608398e+00
2.560815572738647461e+00
2.582884073257446289e+00
2.601480960845947266e+00
2.594419002532958984e+00
2.669012308120727539e+00
2.582793712615966797e+00
2.493793964385986328e+00
2.531114816665649414e+00
2.601515769958496094e+00
2.693640947341918945e+00
2.536181449890136719e+00
2.620722532272338867e+00
2.610947847366333008e+00
2.667523384094238281e+00
2.655099630355834961e+00
2.677658081054687500e+00
2.698379755020141602e+00
2.637054920196533203e+00
2.677094221115112305e+00
2.662087917327880859e+00
2.664862394332885742e+00
2.629341602325439453e+00
2.568637609481811523e+00
2.635550737380981445e+00
2.653241157531738281e+00
2.593467473983764648e+00
2.513390779495239258e+00
2.711443901062011719e+00
2.714357614517211914e+00
2.809566020965576172e+00
2.692559957504272461e+00
2.685200214385986328e+00
2.776562929153442383e+00
2.662884712219238281e+00
2.646094560623168945e+00
2.759320735931396484e+00
2.732372522354125977e+00
2.690302610397338867e+00
2.777644872665405273e+00
2.658284902572631836e+00
2.658240318298339844e+00
2.597453117370605469e+00
2.821681022644042969e+00
2.732341766357421875e+00
2.981539011001586914e+00
2.896881103515625000e+00
2.859637260437011719e+00
2.818873405456542969e+00
2.891149759292602539e+00
2.825827598571777344e+00
2.894134044647216797e+00
2.817848682403564453e+00
2.873118638992309570e+00
2.937463521957397461e+00
2.910567522048950195e+00
2.823559045791625977e+00
2.883970499038696289e+00
2.810162544250488281e+00
2.802230358123779297e+00
2.893135547637939453e+00
3.228080987930297852e+00
3.027046442031860352e+00
3.082739114761352539e+00
3.025326728820800781e+00
2.886218547821044922e+00
3.016454458236694336e+00
2.863733291625976562e+00
2.860848426818847656e+00
2.931769371032714844e+00
2.960277557373046875e+00
2.920352458953857422e+00
3.016981840133666992e+00
2.926174163818359375e+00
3.006935119628906250e+00
2.964751958847045898e+00
3.250765800476074219e+00
3.158359527587890625e+00
3.252166271209716797e+00
3.136443376541137695e+00
3.015412330627441406e+00
3.054607391357421875e+00
2.965290069580078125e+00
3.045745372772216797e+00
3.034492492675781250e+00
3.108567714691162109e+00
3.054671764373779297e+00
3.059529304504394531e+00
2.994082212448120117e+00
3.045749664306640625e+00
3.284315586090087891e+00
3.100285053253173828e+00
3.039649248123168945e+00
3.073166370391845703e+00
3.098798274993896484e+00
3.053167104721069336e+00
3.100559949874877930e+00
3.059673309326171875e+00
3.094228506088256836e+00
3.251927375793457031e+00
3.091169595718383789e+00
3.200111150741577148e+00
3.285766601562500000e+00
3.171210765838623047e+00
3.184366464614868164e+00
3.341792345046997070e+00
3.279949426651000977e+00
3.157376527786254883e+00
3.190295457839965820e+00
3.376628637313842773e+00
3.280323743820190430e+00
3.238678216934204102e+00
3.411645650863647461e+00
3.187828540802001953e+00
3.190255641937255859e+00
3.250660657882690430e+00
3.187095642089843750e+00
3.109968423843383789e+00
3.192240953445434570e+00
3.228593349456787109e+00
3.564646244049072266e+00
3.222437143325805664e+00
3.315461158752441406e+00
3.517970800399780273e+00
3.610596895217895508e+00
3.484005451202392578e+00
3.416117906570434570e+00
3.642009735107421875e+00
3.520710229873657227e+00
3.364283800125122070e+00
3.337070226669311523e+00
3.479698657989501953e+00
3.500154495239257812e+00
3.449253559112548828e+00
3.421500205993652344e+00
3.502983570098876953e+00
3.497471809387207031e+00
3.485887289047241211e+00
3.695881843566894531e+00
3.633851766586303711e+00
3.767519474029541016e+00
3.620428800582885742e+00
3.557976484298706055e+00
3.457820177078247070e+00
3.556670904159545898e+00
3.602128744125366211e+00
3.859805107116699219e+00
3.384313106536865234e+00
3.472455263137817383e+00
3.483584880828857422e+00
3.552895784378051758e+00
3.660837888717651367e+00
3.676612615585327148e+00
3.560489177703857422e+00
3.511214733123779297e+00
3.531245708465576172e+00
3.590601682662963867e+00
3.624453067779541016e+00
3.779513120651245117e+00
3.699744224548339844e+00
3.751821994781494141e+00
3.512097120285034180e+00
3.675388574600219727e+00
3.600152015686035156e+00
3.624018192291259766e+00
3.346700906753540039e+00
3.823939561843872070e+00
3.789817810058593750e+00
3.621094942092895508e+00
3.827689170837402344e+00
3.856941699981689453e+00
3.595251798629760742e+00
3.678524732589721680e+00
3.843113660812377930e+00
3.785813570022583008e+00
3.438587427139282227e+00
3.621577501296997070e+00
3.585553884506225586e+00
3.774711608886718750e+00
3.754162549972534180e+00
3.474792242050170898e+00
3.562093019485473633e+00
3.761367559432983398e+00
3.794871330261230469e+00
4.065261840820312500e+00
3.754981994628906250e+00
3.791897773742675781e+00
3.780172109603881836e+00
3.839853286743164062e+00
3.511303663253784180e+00
3.691296577453613281e+00
3.578740119934082031e+00
3.826788187026977539e+00
3.570604801177978516e+00
3.747144460678100586e+00
3.575676918029785156e+00
3.880514621734619141e+00
3.858575820922851562e+00
3.941474437713623047e+00
3.943297624588012695e+00
3.806424617767333984e+00
3.853588104248046875e+00
3.734174966812133789e+00
3.647859573364257812e+00
3.906207799911499023e+00
3.744688987731933594e+00
3.818949699401855469e+00
3.856335639953613281e+00
3.842864036560058594e+00
3.814018011093139648e+00
3.754170894622802734e+00
4.018623352050781250e+00
3.738887310028076172e+00
3.882997989654541016e+00
3.919349670410156250e+00
3.920592784881591797e+00
4.087542533874511719e+00
3.942240953445434570e+00
3.899524927139282227e+00
4.168656826019287109e+00
3.980424880981445312e+00
3.858602523803710938e+00
3.917838811874389648e+00
4.102160930633544922e+00
3.669371366500854492e+00
4.220768451690673828e+00
4.020392417907714844e+00
4.057015895843505859e+00
3.866860866546630859e+00
4.040054798126220703e+00
4.022571086883544922e+00
4.134981155395507812e+00
4.078394889831542969e+00
3.949151039123535156e+00
3.826842308044433594e+00
3.995720386505126953e+00
4.041220664978027344e+00
3.850773334503173828e+00
4.084880828857421875e+00
3.870924472808837891e+00
4.359321117401123047e+00
4.401393413543701172e+00
4.072811126708984375e+00
4.191829204559326172e+00
4.208749771118164062e+00
4.368498325347900391e+00
4.152389526367187500e+00
3.993743658065795898e+00
3.973732709884643555e+00
3.851525306701660156e+00
4.038034439086914062e+00
4.040452480316162109e+00
4.099833965301513672e+00
4.187620639801025391e+00
4.249807357788085938e+00
4.232838630676269531e+00
4.120474815368652344e+00
4.095061779022216797e+00
4.095386981964111328e+00
3.963625192642211914e+00
4.428987026214599609e+00
4.258043289184570312e+00
4.239584922790527344e+00
4.465340614318847656e+00
4.312852859497070312e+00
4.300425529479980469e+00
4.150590896606445312e+00
4.109312534332275391e+00
4.379008293151855469e+00
4.052384853363037109e+00
4.500140190124511719e+00
4.560062408447265625e+00
4.361404418945312500e+00
4.243123531341552734e+00
4.311487197875976562e+00
4.538687229156494141e+00
4.306058883666992188e+00
4.289258480072021484e+00
4.226814746856689453e+00
4.536659240722656250e+00
4.459395885467529297e+00
4.417113304138183594e+00
4.440993785858154297e+00
4.422269344329833984e+00
4.679236412048339844e+00
4.710791110992431641e+00
4.788817405700683594e+00
4.307353973388671875e+00
4.359977722167968750e+00
4.392023563385009766e+00
4.540587902069091797e+00
4.793327808380126953e+00
4.558441162109375000e+00
4.396913528442382812e+00
4.030643463134765625e+00
4.337365150451660156e+00
4.828890323638916016e+00
4.757306098937988281e+00
4.491879463195800781e+00
4.249793052673339844e+00
4.710723876953125000e+00
4.661416053771972656e+00
4.731536388397216797e+00
4.586163043975830078e+00
4.561761856079101562e+00
4.351514339447021484e+00
4.461399555206298828e+00
4.621144294738769531e+00
4.547898292541503906e+00
4.547463417053222656e+00
4.440412044525146484e+00
4.558876991271972656e+00
4.469156742095947266e+00
4.513792514801025391e+00
4.855887413024902344e+00
4.708585262298583984e+00
4.576608657836914062e+00
4.705587387084960938e+00
4.676000595092773438e+00
4.542296409606933594e+00
4.417969703674316406e+00
4.659376144409179688e+00
4.926487445831298828e+00
4.859169483184814453e+00
4.637847900390625000e+00
4.714709281921386719e+00
4.819001197814941406e+00
4.840754508972167969e+00
4.764743804931640625e+00
4.672133922576904297e+00
4.579504489898681641e+00
4.798562049865722656e+00
4.767566204071044922e+00
4.639708042144775391e+00
4.475917339324951172e+00
4.693812370300292969e+00
4.688455104827880859e+00
4.644426345825195312e+00
4.915173053741455078e+00
4.820637702941894531e+00
4.708683490753173828e+00
4.617548465728759766e+00
4.678646087646484375e+00
4.624367713928222656e+00
4.737082004547119141e+00
4.713438987731933594e+00
4.959662914276123047e+00
4.651804447174072266e+00
5.089837074279785156e+00
5.084798812866210938e+00
4.829623699188232422e+00
4.464160919189453125e+00
4.960594654083251953e+00
4.942976951599121094e+00
4.580109119415283203e+00
5.008915424346923828e+00
4.770066261291503906e+00
4.851202964782714844e+00
5.095820903778076172e+00
4.895621299743652344e+00
5.017870426177978516e+00
4.687770366668701172e+00
4.630130767822265625e+00
4.832258701324462891e+00
4.713069915771484375e+00
4.644331932067871094e+00
4.655110359191894531e+00
5.070807456970214844e+00
4.925247669219970703e+00
4.938570022583007812e+00
4.799520492553710938e+00
5.160875320434570312e+00
4.936238288879394531e+00
4.979997634887695312e+00
4.733705997467041016e+00
4.979175567626953125e+00
5.094517230987548828e+00
5.102960586547851562e+00
4.936289787292480469e+00
5.092216968536376953e+00
4.776355743408203125e+00
5.379710674285888672e+00
4.806158542633056641e+00
5.041386127471923828e+00
5.000141143798828125e+00
4.954680919647216797e+00
4.709389209747314453e+00
4.965029239654541016e+00
5.255966186523437500e+00
4.903635978698730469e+00
5.289914131164550781e+00
5.139797210693359375e+00
5.292283058166503906e+00
5.070612907409667969e+00
5.249840259552001953e+00
4.903015613555908203e+00
4.815183162689208984e+00
5.612277984619140625e+00
5.312037944793701172e+00
4.978353500366210938e+00
4.753834247589111328e+00
5.524048328399658203e+00
4.927532672882080078e+00
5.331413269042968750e+00
5.221751213073730469e+00
5.513816833496093750e+00
5.513730525970458984e+00
5.159685134887695312e+00
5.287904262542724609e+00
5.325126647949218750e+00
5.304755687713623047e+00
5.289042472839355469e+00
5.537753582000732422e+00
5.319937229156494141e+00
5.223189830780029297e+00
5.577967643737792969e+00
5.206644058227539062e+00
5.122919559478759766e+00
5.394122600555419922e+00
5.145646572113037109e+00
5.470636367797851562e+00
5.496918678283691406e+00
5.646572589874267578e+00
5.271057128906250000e+00
5.363121509552001953e+00
5.664447784423828125e+00
5.537584304809570312e+00
5.167385578155517578e+00
5.050506114959716797e+00
5.250864028930664062e+00
5.441611289978027344e+00
5.644557476043701172e+00
5.263464927673339844e+00
5.332221984863281250e+00
5.233127593994140625e+00
5.537749290466308594e+00
5.239008426666259766e+00
5.410661697387695312e+00
5.517467975616455078e+00
5.483727931976318359e+00
5.412858486175537109e+00
5.576858520507812500e+00
5.653455734252929688e+00
5.728457450866699219e+00
5.508115291595458984e+00
5.484559535980224609e+00
5.316995620727539062e+00
5.547454833984375000e+00
5.541577816009521484e+00
5.633639812469482422e+00
5.576100349426269531e+00
5.460170269012451172e+00
5.467894554138183594e+00
5.611336231231689453e+00
5.418905258178710938e+00
5.552286148071289062e+00
5.706996917724609375e+00
5.587760925292968750e+00
5.536200046539306641e+00
5.780809879302978516e+00
5.686976909637451172e+00
5.428503036499023438e+00
5.701646327972412109e+00
5.513339996337890625e+00
5.159279346466064453e+00
5.649378776550292969e+00
5.921863079071044922e+00
5.905608177185058594e+00
5.606565475463867188e+00
5.606564521789550781e+00
5.721052169799804688e+00
5.525625228881835938e+00
5.897436618804931641e+00
5.719687461853027344e+00
5.649652481079101562e+00
5.879242897033691406e+00
5.594940185546875000e+00
5.873749256134033203e+00
5.815382957458496094e+00
5.365838050842285156e+00
5.662590980529785156e+00
5.892314910888671875e+00
5.889815330505371094e+00
6.073183059692382812e+00
5.987630844116210938e+00
5.582853317260742188e+00
5.619493484497070312e+00
5.730690479278564453e+00
5.830203056335449219e+00
6.258835792541503906e+00
5.788424491882324219e+00
5.722414016723632812e+00
5.797284126281738281e+00
6.177274703979492188e+00
5.706534385681152344e+00
5.559366226196289062e+00
5.973102569580078125e+00
5.935944557189941406e+00
5.936350822448730469e+00
5.610506534576416016e+00
5.956175804138183594e+00
5.630773544311523438e+00
6.009170055389404297e+00
5.888824939727783203e+00
5.953101634979248047e+00
6.131373405456542969e+00
5.724974632263183594e+00
5.986528396606445312e+00
5.885699748992919922e+00
5.716740608215332031e+00
6.120789051055908203e+00
5.826930046081542969e+00
6.099132537841796875e+00
5.424435615539550781e+00
6.156974792480468750e+00
6.106818199157714844e+00
5.975027561187744141e+00
5.792089939117431641e+00
5.729402542114257812e+00
5.865999221801757812e+00
5.980147838592529297e+00
6.157386302947998047e+00
5.917361736297607422e+00
5.877809524536132812e+00
5.911201000213623047e+00
6.073726654052734375e+00
5.816454410552978516e+00
6.077870368957519531e+00
6.145647048950195312e+00
5.931271553039550781e+00
5.998673915863037109e+00
5.848001003265380859e+00
5.984020709991455078e+00
5.929663181304931641e+00
5.624064445495605469e+00
6.340116500854492188e+00
6.385880947113037109e+00
6.330502510070800781e+00
6.226924896240234375e+00
6.298785686492919922e+00
6.174685478210449219e+00
6.043051719665527344e+00
6.273476600646972656e+00
6.024041175842285156e+00
6.080225467681884766e+00
6.089643001556396484e+00
6.190608501434326172e+00
5.952997207641601562e+00
6.076828956604003906e+00
5.936648368835449219e+00
6.256791591644287109e+00
6.195015907287597656e+00
6.172930717468261719e+00
6.195870399475097656e+00
6.262576580047607422e+00
6.142055034637451172e+00
6.340520858764648438e+00
6.255287647247314453e+00
6.355893135070800781e+00
6.166211128234863281e+00
6.517022132873535156e+00
6.073853015899658203e+00
6.176577091217041016e+00
6.376964092254638672e+00
6.178969383239746094e+00
6.268998146057128906e+00
6.488174438476562500e+00
6.288560390472412109e+00
6.335548400878906250e+00
5.796395778656005859e+00
6.404806137084960938e+00
6.284439563751220703e+00
6.254911899566650391e+00
6.266698360443115234e+00
6.009563446044921875e+00
6.413102626800537109e+00
6.371236801147460938e+00
6.532689571380615234e+00
6.203172206878662109e+00
6.692865848541259766e+00
6.613426208496093750e+00
6.559835433959960938e+00
6.477149486541748047e+00
6.313111782073974609e+00
6.629838943481445312e+00
6.366315841674804688e+00
6.304066658020019531e+00
5.864979267120361328e+00
6.196620941162109375e+00
6.196554660797119141e+00
6.548255443572998047e+00
6.504471778869628906e+00
6.129085540771484375e+00
6.667091369628906250e+00
6.533440113067626953e+00
6.384022712707519531e+00
6.765302181243896484e+00
6.487658977508544922e+00
6.360395431518554688e+00
6.348101615905761719e+00
6.697245121002197266e+00
6.750751972198486328e+00
6.170345306396484375e+00
6.334890842437744141e+00
6.686242580413818359e+00
6.533586502075195312e+00
6.293329715728759766e+00
6.672754287719726562e+00
6.395255088806152344e+00
6.605638980865478516e+00
6.638716220855712891e+00
6.362280845642089844e+00
6.409631729125976562e+00
6.461262702941894531e+00
6.628108501434326172e+00
6.598556518554687500e+00
6.717468261718750000e+00
6.367664337158203125e+00
6.365348815917968750e+00
6.383523464202880859e+00
6.686458587646484375e+00
6.700256347656250000e+00
6.463106632232666016e+00
6.282566547393798828e+00
6.400713920593261719e+00
6.690400123596191406e+00
6.609189033508300781e+00
6.556690216064453125e+00
6.782743930816650391e+00
6.326682567596435547e+00
6.823822975158691406e+00
6.768055438995361328e+00
6.754715442657470703e+00
6.841893196105957031e+00
6.505474090576171875e+00
6.647646427154541016e+00
6.637494087219238281e+00
6.593245029449462891e+00
6.620676040649414062e+00
6.750579833984375000e+00
6.579586029052734375e+00
6.663850784301757812e+00
6.623051166534423828e+00
6.755012512207031250e+00
6.503472328186035156e+00
6.786539554595947266e+00
6.805965423583984375e+00
7.070485115051269531e+00
6.808249950408935547e+00
6.832316875457763672e+00
6.889643192291259766e+00
6.809040546417236328e+00
6.819128036499023438e+00
6.724289894104003906e+00
6.992450237274169922e+00
7.114211082458496094e+00
6.157839775085449219e+00
6.568909168243408203e+00
6.496047019958496094e+00
6.559251785278320312e+00
7.220664024353027344e+00
7.478864192962646484e+00
6.928595066070556641e+00
7.321682453155517578e+00
7.138026237487792969e+00
7.229255676269531250e+00
6.938780307769775391e+00
6.659560680389404297e+00
7.008128643035888672e+00
6.885852813720703125e+00
7.080106735229492188e+00
7.091617584228515625e+00
7.084304332733154297e+00
6.975507736206054688e+00
6.609973430633544922e+00
7.424323558807373047e+00
7.095227718353271484e+00
7.360657691955566406e+00
7.193608760833740234e+00
6.964722633361816406e+00
7.026704311370849609e+00
7.272301673889160156e+00
6.916521549224853516e+00
6.853155612945556641e+00
6.921199321746826172e+00
6.863966941833496094e+00
6.937050819396972656e+00
6.975788116455078125e+00
6.944407463073730469e+00
7.039855957031250000e+00
7.338205337524414062e+00
7.276942729949951172e+00
7.246597766876220703e+00
7.296453475952148438e+00
7.563445091247558594e+00
7.030716419219970703e+00
7.456971645355224609e+00
7.614152908325195312e+00
6.839518070220947266e+00
7.025898933410644531e+00
6.913040161132812500e+00
6.757050037384033203e+00
7.154290199279785156e+00
6.973428249359130859e+00
6.975906372070312500e+00
7.375035285949707031e+00
7.531117916107177734e+00
7.381325721740722656e+00
7.476213455200195312e+00
7.537475109100341797e+00
7.384183883666992188e+00
7.615721225738525391e+00
7.354915142059326172e+00
7.574099063873291016e+00
7.604384899139404297e+00
7.058202743530273438e+00
7.195165634155273438e+00
7.044788837432861328e+00
7.092357158660888672e+00
7.158693790435791016e+00
7.333788394927978516e+00
7.295594215393066406e+00
7.242249488830566406e+00
7.522850036621093750e+00
7.422567367553710938e+00
7.364614009857177734e+00
7.370311260223388672e+00
7.251342773437500000e+00
7.500035285949707031e+00
7.397933483123779297e+00
7.556457996368408203e+00
7.427029132843017578e+00
7.569869995117187500e+00
7.337649345397949219e+00
7.763099670410156250e+00
7.228717803955078125e+00
7.398365020751953125e+00
7.512313842773437500e+00
7.555808544158935547e+00
7.676511287689208984e+00
7.597497940063476562e+00
7.528910160064697266e+00
7.491833209991455078e+00
7.538490772247314453e+00
7.936046600341796875e+00
7.755306243896484375e+00
7.458554267883300781e+00
7.544119834899902344e+00
7.373219966888427734e+00
7.671339511871337891e+00
7.404474258422851562e+00
7.291501522064208984e+00
7.244130611419677734e+00
7.325942993164062500e+00
7.404924869537353516e+00
7.567416667938232422e+00
7.443941116333007812e+00
7.260603427886962891e+00
7.543322563171386719e+00
7.391432762145996094e+00
7.604846954345703125e+00
7.838044166564941406e+00
7.635805130004882812e+00
7.523313045501708984e+00
7.765627861022949219e+00
7.268721580505371094e+00
7.411824226379394531e+00
7.493228435516357422e+00
7.556017398834228516e+00
7.460340023040771484e+00
7.524061203002929688e+00
7.418314933776855469e+00
7.515560626983642578e+00
7.338163375854492188e+00
7.459973812103271484e+00
7.469964504241943359e+00
7.254280567169189453e+00
7.505805015563964844e+00
7.576408386230468750e+00
7.664926528930664062e+00
7.320239543914794922e+00
7.728419780731201172e+00
7.550403594970703125e+00
7.668056488037109375e+00
7.728294849395751953e+00
7.646695137023925781e+00
7.684703350067138672e+00
7.646085262298583984e+00
7.407797336578369141e+00
7.400263786315917969e+00
7.611341953277587891e+00
7.379145622253417969e+00
7.246735095977783203e+00
7.503091812133789062e+00
7.198257923126220703e+00
