2.034744644165039062e+01
1.153856468200683594e+01
5.400274753570556641e+00
1.028564834594726562e+01
5.110672473907470703e+00
6.475825309753417969e+00
7.990908622741699219e+00
7.523581027984619141e+00
5.942000865936279297e+00
4.985378265380859375e+00
5.947825908660888672e+00
6.656128883361816406e+00
5.619579792022705078e+00
4.952536582946777344e+00
5.311919212341308594e+00
5.810516834259033203e+00
5.825206279754638672e+00
5.393405437469482422e+00
4.959501266479492188e+00
4.985171318054199219e+00
5.350802421569824219e+00
5.383925914764404297e+00
5.035191059112548828e+00
4.853103160858154297e+00
4.984982490539550781e+00
5.144604682922363281e+00
5.111482143402099609e+00
4.925242900848388672e+00
4.794394493103027344e+00
4.853845596313476562e+00
4.962250232696533203e+00
4.909287452697753906e+00
4.768979072570800781e+00
4.731042385101318359e+00
4.791629314422607422e+00
4.819318294525146484e+00
4.753705501556396484e+00
4.667253494262695312e+00
4.652689456939697266e+00
4.689015865325927734e+00
4.673008441925048828e+00
4.600014686584472656e+00
4.559147834777832031e+00
4.570532798767089844e+00
4.565508842468261719e+00
4.514232635498046875e+00
4.460086822509765625e+00
4.444746971130371094e+00
4.435427665710449219e+00
4.388024806976318359e+00
4.334466457366943359e+00
4.310686111450195312e+00
4.284007549285888672e+00
4.229282855987548828e+00
4.174989700317382812e+00
4.139389038085937500e+00
4.092470169067382812e+00
4.024560928344726562e+00
3.971014499664306641e+00
3.911238431930541992e+00
3.838585853576660156e+00
3.767442941665649414e+00
3.693487644195556641e+00
3.607211589813232422e+00
3.520174741744995117e+00
3.421044588088989258e+00
3.316150426864624023e+00
3.206256389617919922e+00
3.088647603988647461e+00
2.963598966598510742e+00
2.829971075057983398e+00
2.688867568969726562e+00
2.543230056762695312e+00
2.385609149932861328e+00
2.228233337402343750e+00
2.071206331253051758e+00
1.923564195632934570e+00
1.818686008453369141e+00
1.910774350166320801e+00
2.729764699935913086e+00
2.990175247192382812e+00
1.991712212562561035e+00
1.414157629013061523e+00
2.627559185028076172e+00
1.982849240303039551e+00
1.359106302261352539e+00
2.633147954940795898e+00
1.387576103210449219e+00
1.611907601356506348e+00
1.761102199554443359e+00
8.706527948379516602e-01
1.573120951652526855e+00
8.688733577728271484e-01
1.220852136611938477e+00
1.249205112457275391e+00
8.159880638122558594e-01
1.386183023452758789e+00
8.440760374069213867e-01
9.629231691360473633e-01
1.053893208503723145e+00
6.528303623199462891e-01
9.540684223175048828e-01
7.461632490158081055e-01
6.657579541206359863e-01
8.621043562889099121e-01
6.135333180427551270e-01
6.761497855186462402e-01
7.877325415611267090e-01
5.661432147026062012e-01
6.426115632057189941e-01
7.473351955413818359e-01
5.498245358467102051e-01
5.721262693405151367e-01
6.984376311302185059e-01
5.638075470924377441e-01
4.933240115642547607e-01
5.839896202087402344e-01
5.836575031280517578e-01
4.990478456020355225e-01
4.597971439361572266e-01
5.117798447608947754e-01
5.552389025688171387e-01
4.997816383838653564e-01
4.391466379165649414e-01
4.247061610221862793e-01
4.546520411968231201e-01
4.957289993762969971e-01
4.976150393486022949e-01
4.840045571327209473e-01
4.424352049827575684e-01
4.090853929519653320e-01
3.846181631088256836e-01
3.717350363731384277e-01
3.669698834419250488e-01
3.691776394844055176e-01
3.837856352329254150e-01
4.251189827919006348e-01
5.520499348640441895e-01
7.866298556327819824e-01
1.348187327384948730e+00
1.325819492340087891e+00
1.172823786735534668e+00
4.285512566566467285e-01
5.788582563400268555e-01
1.017522573471069336e+00
5.462707281112670898e-01
4.044645726680755615e-01
7.377077341079711914e-01
4.774689674377441406e-01
3.844207525253295898e-01
5.898723602294921875e-01
4.108155965805053711e-01
3.830754458904266357e-01
5.128073692321777344e-01
3.689263761043548584e-01
3.735860288143157959e-01
4.641054868698120117e-01
3.502513170242309570e-01
3.528527319431304932e-01
4.252377450466156006e-01
3.420873880386352539e-01
3.241606950759887695e-01
3.813866674900054932e-01
3.363051116466522217e-01
3.005637228488922119e-01
3.359529972076416016e-01
3.319979012012481689e-01
2.930928170680999756e-01
2.894932031631469727e-01
3.120424449443817139e-01
3.094027042388916016e-01
2.790894508361816406e-01
2.697773277759552002e-01
2.840172946453094482e-01
2.897346019744873047e-01
2.790705859661102295e-01
2.598817050457000732e-01
2.517351806163787842e-01
2.564841508865356445e-01
2.644669711589813232e-01
2.699879705905914307e-01
2.660635709762573242e-01
2.599548995494842529e-01
2.502442598342895508e-01
2.423749417066574097e-01
2.354961186647415161e-01
2.305330187082290649e-01
2.267697602510452271e-01
2.238686084747314453e-01
2.214083969593048096e-01
2.195207625627517700e-01
2.184966504573822021e-01
2.196480333805084229e-01
2.259822040796279907e-01
2.486837357282638550e-01
3.091177642345428467e-01
5.109025239944458008e-01
8.827818632125854492e-01
1.917593598365783691e+00
1.131869435310363770e+00
4.626744985580444336e-01
3.756543695926666260e-01
8.697224259376525879e-01
9.998133778572082520e-01
2.917589843273162842e-01
4.956511259078979492e-01
9.679666757583618164e-01
3.477235436439514160e-01
3.988586068153381348e-01
7.367725968360900879e-01
2.725886106491088867e-01
5.270833969116210938e-01
6.501246690750122070e-01
2.287972271442413330e-01
6.541947126388549805e-01
6.848626732826232910e-01
2.316537201404571533e-01
7.531251907348632812e-01
6.828910708427429199e-01
2.648718953132629395e-01
8.594514131546020508e-01
5.453801155090332031e-01
3.653002381324768066e-01
8.066359162330627441e-01
3.324252665042877197e-01
4.199459254741668701e-01
5.636118650436401367e-01
2.168810963630676270e-01
4.079381227493286133e-01
3.303490877151489258e-01
2.183746844530105591e-01
3.627426922321319580e-01
2.132571190595626831e-01
2.767517864704132080e-01
3.018825352191925049e-01
1.924276500940322876e-01
3.033505678176879883e-01
2.492070645093917847e-01
1.973510682582855225e-01
2.884322106838226318e-01
2.166848331689834595e-01
1.950167119503021240e-01
2.615976631641387939e-01
1.991656124591827393e-01
1.861913502216339111e-01
2.376820594072341919e-01
1.919345557689666748e-01
1.731267571449279785e-01
2.168646454811096191e-01
1.906118541955947876e-01
1.613588184118270874e-01
1.967038214206695557e-01
1.899822056293487549e-01
1.545155942440032959e-01
1.771375536918640137e-01
1.877741962671279907e-01
1.536178886890411377e-01
1.571159511804580688e-01
1.769164353609085083e-01
1.568519175052642822e-01
1.432964950799942017e-01
1.573245674371719360e-01
1.573168933391571045e-01
1.414158046245574951e-01
1.389575749635696411e-01
1.480740606784820557e-01
1.457050591707229614e-01
1.338659524917602539e-01
1.331114619970321655e-01
1.392621695995330811e-01
1.363473236560821533e-01
1.283605098724365234e-01
1.261438578367233276e-01
1.295323073863983154e-01
1.299650371074676514e-01
1.246546059846878052e-01
1.203097328543663025e-01
1.205198913812637329e-01
1.220665872097015381e-01
1.210074797272682190e-01
1.171557307243347168e-01
1.140557751059532166e-01
1.134153231978416443e-01
1.139951571822166443e-01
1.137527897953987122e-01
1.116652786731719971e-01
1.089692339301109314e-01
1.068515479564666748e-01
1.058781892061233521e-01
1.056327074766159058e-01
1.053115949034690857e-01
1.044935360550880432e-01
1.029938682913780212e-01
1.012093722820281982e-01
9.942794591188430786e-02
9.790480136871337891e-02
9.669909626245498657e-02
9.575586766004562378e-02
9.499962627887725830e-02
9.436988085508346558e-02
9.387271106243133545e-02
9.350813925266265869e-02
9.347513318061828613e-02
9.387189894914627075e-02
9.536792337894439697e-02
9.838036447763442993e-02
1.052725687623023987e-01
1.173169538378715515e-01
1.446667760610580444e-01
1.876927167177200317e-01
2.871578931808471680e-01
3.978191018104553223e-01
6.316801905632019043e-01
6.296335458755493164e-01
6.097505688667297363e-01
2.496923208236694336e-01
9.136416763067245483e-02
2.213434427976608276e-01
3.880417943000793457e-01
4.394430220127105713e-01
1.932867318391799927e-01
1.010003536939620972e-01
2.179326713085174561e-01
2.532363831996917725e-01
1.765978187322616577e-01
8.864095062017440796e-02
1.252830326557159424e-01
2.032771706581115723e-01
1.687083840370178223e-01
9.636405110359191895e-02
9.128820151090621948e-02
1.446509212255477905e-01
1.702248603105545044e-01
1.176023706793785095e-01
7.716918736696243286e-02
9.118770807981491089e-02
1.196846440434455872e-01
1.195958107709884644e-01
9.014242887496948242e-02
7.242541760206222534e-02
8.055873960256576538e-02
9.770235419273376465e-02
1.012938693165779114e-01
8.533936738967895508e-02
7.077704370021820068e-02
6.933820992708206177e-02
7.785362005233764648e-02
8.724427223205566406e-02
8.829393982887268066e-02
8.102297037839889526e-02
7.064677029848098755e-02
6.510056555271148682e-02
6.535389274358749390e-02
6.953349709510803223e-02
7.494713366031646729e-02
7.758694887161254883e-02
7.746735960245132446e-02
7.493750751018524170e-02
7.161165773868560791e-02
6.783168762922286987e-02
6.456887722015380859e-02
6.183827295899391174e-02
6.014867499470710754e-02
5.953071266412734985e-02
5.954783037304878235e-02
6.014395877718925476e-02
6.120613217353820801e-02
6.254618614912033081e-02
6.437545269727706909e-02
6.724268198013305664e-02
7.121504098176956177e-02
7.781357318162918091e-02
8.633592724800109863e-02
1.003717556595802307e-01
1.182586699724197388e-01
1.493569910526275635e-01
1.805160343647003174e-01
2.246279269456863403e-01
2.309197634458541870e-01
2.211027741432189941e-01
1.508384793996810913e-01
8.751790970563888550e-02
5.748983472585678101e-02
7.467387616634368896e-02
1.138410121202468872e-01
1.278920024633407593e-01
1.124307736754417419e-01
7.270978391170501709e-02
5.632354319095611572e-02
7.221554219722747803e-02
9.650775790214538574e-02
1.093384325504302979e-01
9.300330281257629395e-02
6.810074299573898315e-02
5.449717491865158081e-02
6.391216814517974854e-02
8.347600698471069336e-02
9.490908682346343994e-02
9.510373324155807495e-02
7.623440027236938477e-02
5.714100971817970276e-02
5.326233431696891785e-02
6.222641095519065857e-02
7.618579268455505371e-02
8.742756396532058716e-02
8.889740705490112305e-02
7.604674994945526123e-02
6.421414762735366821e-02
5.531338602304458618e-02
5.057008937001228333e-02
5.139178410172462463e-02
5.465478822588920593e-02
5.902606993913650513e-02
6.412465870380401611e-02
6.961440294981002808e-02
7.435104995965957642e-02
7.950269430875778198e-02
8.039550483226776123e-02
8.236879855394363403e-02
8.274123072624206543e-02
8.525060117244720459e-02
8.510866016149520874e-02
8.428180962800979614e-02
7.933979481458663940e-02
7.551413029432296753e-02
7.005562633275985718e-02
6.573254615068435669e-02
6.034337356686592102e-02
5.542519688606262207e-02
5.147249624133110046e-02
4.897359013557434082e-02
4.754804447293281555e-02
4.714651405811309814e-02
4.738678038120269775e-02
4.815063998103141785e-02
4.951260983943939209e-02
5.130779743194580078e-02
5.412479117512702942e-02
5.793497338891029358e-02
6.381468474864959717e-02
7.137947529554367065e-02
8.426979184150695801e-02
1.011813580989837646e-01
1.289624720811843872e-01
1.574150025844573975e-01
1.981556415557861328e-01
2.160938233137130737e-01
2.289439141750335693e-01
1.767627000808715820e-01
1.165073886513710022e-01
5.986796319484710693e-02
4.957903549075126648e-02
7.834948599338531494e-02
1.119165048003196716e-01
1.304060965776443481e-01
9.786570072174072266e-02
6.148496642708778381e-02
4.698999226093292236e-02
6.172411143779754639e-02
8.776980638504028320e-02
9.987701475620269775e-02
9.447903931140899658e-02
6.492844223976135254e-02
4.656646773219108582e-02
5.034423619508743286e-02
6.619580835103988647e-02
8.455347269773483276e-02
8.721448481082916260e-02
7.375375181436538696e-02
5.409695580601692200e-02
4.551064223051071167e-02
4.585746675729751587e-02
5.403615161776542664e-02
6.396255642175674438e-02
6.640034168958663940e-02
6.576438993215560913e-02
6.196175143122673035e-02
5.748530849814414978e-02
5.229595303535461426e-02
4.692491143941879272e-02
4.352607950568199158e-02
4.254680499434471130e-02
4.279863461852073669e-02
4.472021758556365967e-02
4.697353392839431763e-02
4.940656572580337524e-02
5.305483937263488770e-02
5.761386081576347351e-02
6.478623300790786743e-02
7.224073261022567749e-02
8.221321552991867065e-02
9.435173124074935913e-02
1.129537373781204224e-01
1.300651282072067261e-01
1.476307660341262817e-01
1.420892775058746338e-01
1.308915317058563232e-01
9.878115355968475342e-02
6.952771544456481934e-02
4.696835204958915710e-02
4.225747659802436829e-02
5.285364016890525818e-02
6.827732175588607788e-02
8.064628392457962036e-02
7.681416720151901245e-02
6.593149155378341675e-02
5.082515254616737366e-02
4.233448579907417297e-02
4.191935062408447266e-02
4.762974381446838379e-02
5.558755248785018921e-02
5.965958908200263977e-02
6.046862527728080750e-02
5.601881071925163269e-02
5.071441084146499634e-02
4.506772384047508240e-02
4.124777764081954956e-02
3.971660137176513672e-02
4.033667594194412231e-02
4.238725826144218445e-02
4.511850327253341675e-02
4.833944141864776611e-02
5.133631080389022827e-02
5.506658181548118591e-02
5.896215885877609253e-02
6.493621319532394409e-02
7.131715863943099976e-02
8.071223646402359009e-02
8.993645012378692627e-02
1.038310378789901733e-01
1.147359609603881836e-01
1.287707686424255371e-01
1.266687810420989990e-01
1.233604252338409424e-01
9.886862337589263916e-02
7.597801834344863892e-02
5.234276875853538513e-02
4.023085907101631165e-02
4.019914939999580383e-02
4.897247627377510071e-02
6.146408617496490479e-02
6.949167698621749878e-02
7.450611144304275513e-02
6.869178265333175659e-02
6.131602451205253601e-02
5.056327208876609802e-02
4.258912429213523865e-02
3.836717084050178528e-02
3.833916410803794861e-02
4.133643209934234619e-02
4.559762403368949890e-02
5.003909766674041748e-02
5.265708640217781067e-02
5.475439131259918213e-02
5.443843826651573181e-02
5.394418165087699890e-02
5.172906070947647095e-02
4.975210875272750854e-02
4.725449904799461365e-02
4.534867778420448303e-02
4.356274008750915527e-02
4.232772812247276306e-02
4.141176491975784302e-02
4.094240441918373108e-02
4.076151922345161438e-02
4.099293798208236694e-02
4.152393341064453125e-02
4.276931658387184143e-02
4.470775648951530457e-02
4.824564233422279358e-02
5.374272540211677551e-02
6.395496428012847900e-02
7.970553636550903320e-02
1.079996153712272644e-01
1.457856297492980957e-01
2.099302262067794800e-01
2.550588846206665039e-01
3.102864921092987061e-01
2.265949547290802002e-01
1.378466188907623291e-01
5.319797247648239136e-02
4.789891466498374939e-02
1.023997440934181213e-01
1.535832434892654419e-01
1.901650726795196533e-01
1.147485747933387756e-01
5.688171461224555969e-02
4.074061661958694458e-02
6.683810055255889893e-02
1.103142127394676208e-01
1.123988777399063110e-01
9.023173898458480835e-02
4.917467013001441956e-02
3.859814256429672241e-02
4.990184679627418518e-02
7.375208288431167603e-02
8.885438740253448486e-02
6.974398344755172729e-02
5.182319507002830505e-02
3.811253234744071960e-02
3.648556396365165710e-02
4.349075630307197571e-02
5.021423101425170898e-02
5.671684071421623230e-02
5.841178074479103088e-02
5.799856781959533691e-02
4.913771152496337891e-02
4.104037210345268250e-02
3.602791205048561096e-02
3.443900123238563538e-02
3.651371225714683533e-02
3.928263857960700989e-02
4.275651648640632629e-02
4.555674642324447632e-02
4.819716885685920715e-02
4.826393350958824158e-02
4.727054759860038757e-02
4.541356489062309265e-02
4.346655309200286865e-02
4.074642434716224670e-02
3.788014501333236694e-02
3.554196655750274658e-02
3.411088511347770691e-02
3.343732655048370361e-02
3.337490558624267578e-02
3.366824612021446228e-02
3.437845036387443542e-02
3.534418717026710510e-02
3.649846464395523071e-02
3.776402771472930908e-02
3.904280439019203186e-02
4.106027260422706604e-02
4.373962804675102234e-02
4.790342599153518677e-02
5.259104073047637939e-02
6.019487977027893066e-02
6.973265856504440308e-02
8.240489661693572998e-02
9.001538902521133423e-02
9.833688288927078247e-02
9.532019495964050293e-02
9.046374261379241943e-02
7.142972946166992188e-02
5.446542799472808838e-02
3.983384370803833008e-02
3.323786705732345581e-02
3.419337421655654907e-02
4.042947292327880859e-02
4.973837733268737793e-02
5.742989480495452881e-02
6.543815135955810547e-02
6.443108618259429932e-02
6.247584894299507141e-02
5.318515375256538391e-02
4.497662931680679321e-02
3.728657215833663940e-02
3.306869789958000183e-02
3.226622939109802246e-02
3.410356864333152771e-02
3.773019835352897644e-02
4.207782447338104248e-02
4.714687913656234741e-02
5.098668485879898071e-02
5.546772852540016174e-02
5.667465925216674805e-02
5.885977670550346375e-02
5.734987929463386536e-02
5.734133720397949219e-02
5.472829565405845642e-02
5.293535441160202026e-02
4.891449585556983948e-02
4.533941671252250671e-02
4.097302630543708801e-02
3.749404102563858032e-02
3.449425473809242249e-02
3.254265710711479187e-02
3.145565092563629150e-02
3.101358935236930847e-02
3.101356141269207001e-02
3.134624660015106201e-02
3.200693055987358093e-02
3.309239447116851807e-02
3.486530482769012451e-02
3.745067119598388672e-02
4.174609109759330750e-02
4.783578589558601379e-02
5.785097926855087280e-02
7.228873670101165771e-02
9.502287954092025757e-02
1.173168346285820007e-01
1.548349410295486450e-01
1.678129136562347412e-01
1.827378273010253906e-01
1.330128461122512817e-01
8.680966496467590332e-02
4.447556287050247192e-02
3.246184065937995911e-02
4.789557680487632751e-02
7.664640992879867554e-02
1.159792542457580566e-01
1.255956590175628662e-01
1.369023770093917847e-01
9.477771818637847900e-02
5.815063416957855225e-02
3.367198258638381958e-02
3.878208622336387634e-02
6.512303650379180908e-02
9.932959824800491333e-02
1.291720867156982422e-01
1.145097687840461731e-01
1.002941206097602844e-01
6.339679658412933350e-02
3.809607028961181641e-02
3.414953500032424927e-02
5.211111158132553101e-02
7.856164872646331787e-02
9.474850445985794067e-02
1.037608608603477478e-01
7.895898818969726562e-02
5.829283967614173889e-02
3.812218457460403442e-02
3.285031393170356750e-02
3.906225785613059998e-02
5.150021985173225403e-02
6.229351088404655457e-02
6.582396477460861206e-02
6.228661164641380310e-02
4.828476160764694214e-02
3.869967907667160034e-02
3.155537322163581848e-02
3.159479051828384399e-02
3.362167999148368835e-02
3.902653232216835022e-02
4.213582351803779602e-02
4.452001303434371948e-02
4.219425097107887268e-02
3.823442757129669189e-02
3.423011302947998047e-02
3.150711581110954285e-02
2.988812699913978577e-02
2.965088561177253723e-02
3.133840858936309814e-02
3.307409584522247314e-02
3.535280004143714905e-02
3.599043190479278564e-02
3.669914230704307556e-02
3.671013563871383667e-02
3.612845018506050110e-02
3.418778628110885620e-02
3.221151232719421387e-02
3.032694384455680847e-02
2.942291088402271271e-02
2.871733717620372772e-02
2.878264151513576508e-02
2.894809469580650330e-02
2.975088544189929962e-02
3.047537803649902344e-02
3.149142861366271973e-02
3.241723775863647461e-02
3.381029516458511353e-02
3.485164791345596313e-02
3.661025315523147583e-02
3.873005509376525879e-02
4.213064536452293396e-02
4.486086964607238770e-02
4.908536374568939209e-02
5.261411890387535095e-02
5.714954435825347900e-02
5.717673897743225098e-02
5.941863730549812317e-02
5.948384106159210205e-02
5.966650694608688354e-02
5.314698070287704468e-02
4.846424981951713562e-02
4.170461371541023254e-02
3.604926913976669312e-02
3.122346103191375732e-02
2.877835929393768311e-02
2.812652662396430969e-02
2.883433178067207336e-02
3.050454705953598022e-02
3.295136243104934692e-02
3.653115779161453247e-02
4.003286361694335938e-02
4.502203688025474548e-02
5.182720348238945007e-02
6.107485666871070862e-02
6.548847258090972900e-02
7.390194386243820190e-02
7.721279561519622803e-02
7.971522212028503418e-02
6.749644875526428223e-02
5.847543478012084961e-02
4.599968716502189636e-02
3.612628206610679626e-02
2.979212999343872070e-02
2.834234386682510376e-02
3.049622848629951477e-02
3.512174636125564575e-02
4.185796901583671570e-02
4.959901049733161926e-02
6.135452166199684143e-02
6.658904254436492920e-02
7.461615651845932007e-02
7.545179128646850586e-02
7.848350703716278076e-02
6.849477440118789673e-02
6.022664904594421387e-02
4.804227501153945923e-02
3.813045099377632141e-02
3.067721612751483917e-02
2.768208831548690796e-02
2.852954156696796417e-02
3.189206868410110474e-02
3.775258734822273254e-02
4.487958177924156189e-02
5.573335289955139160e-02
6.221498176455497742e-02
7.262463122606277466e-02
8.320051431655883789e-02
8.938591927289962769e-02
7.876428216695785522e-02
7.051037251949310303e-02
5.710494890809059143e-02
4.287251085042953491e-02
3.310447931289672852e-02
2.823980338871479034e-02
3.043232113122940063e-02
3.515686839818954468e-02
4.288757964968681335e-02
5.107589066028594971e-02
6.414988636970520020e-02
6.845132261514663696e-02
7.607121020555496216e-02
7.351251691579818726e-02
7.440517842769622803e-02
6.163854524493217468e-02
5.108635500073432922e-02
3.991490602493286133e-02
3.209851309657096863e-02
2.770636416971683502e-02
2.736479230225086212e-02
3.024643845856189728e-02
3.493783622980117798e-02
4.205710068345069885e-02
4.958001151680946350e-02
6.109470501542091370e-02
6.611744314432144165e-02
7.463821768760681152e-02
7.465416193008422852e-02
7.370699197053909302e-02
6.110787019133567810e-02
5.072458088397979736e-02
3.900046646595001221e-02
3.055367432534694672e-02
2.727754972875118256e-02
2.761403657495975494e-02
3.161675110459327698e-02
3.690831363201141357e-02
4.513755813241004944e-02
5.247117578983306885e-02
6.316148489713668823e-02
6.470744311809539795e-02
6.925920397043228149e-02
6.877361238002777100e-02
6.292264908552169800e-02
5.204939097166061401e-02
4.158668965101242065e-02
3.348923847079277039e-02
2.747610956430435181e-02
2.765552513301372528e-02
2.985958568751811981e-02
3.567041829228401184e-02
4.109699279069900513e-02
5.028254911303520203e-02
5.766288563609123230e-02
6.795809417963027954e-02
6.736779958009719849e-02
7.036503404378890991e-02
6.944082677364349365e-02
6.139924377202987671e-02
5.015056952834129333e-02
3.826809301972389221e-02
3.161858394742012024e-02
2.657126076519489288e-02
2.876708284020423889e-02
3.185647353529930115e-02
3.971969708800315857e-02
4.598625376820564270e-02
5.767686665058135986e-02
6.509673595428466797e-02
7.574035972356796265e-02
7.141581177711486816e-02
7.065314799547195435e-02
6.322412937879562378e-02
5.213075876235961914e-02
4.083725810050964355e-02
3.087144531309604645e-02
2.768279798328876495e-02
2.698044478893280029e-02
3.173651546239852905e-02
3.815661743283271790e-02
4.826381802558898926e-02
5.598602816462516785e-02
6.893361359834671021e-02
7.501141726970672607e-02
8.170577883720397949e-02
7.259429246187210083e-02
6.519556045532226562e-02
5.557926744222640991e-02
3.981351479887962341e-02
3.285637497901916504e-02
2.668710984289646149e-02
2.900790423154830933e-02
3.260789066553115845e-02
4.228694364428520203e-02
5.220951884984970093e-02
7.038156688213348389e-02
7.804755866527557373e-02
9.551729261875152588e-02
9.418338537216186523e-02
9.177283942699432373e-02
6.659214943647384644e-02
4.571509361267089844e-02
3.288187086582183838e-02
2.644184976816177368e-02
3.414592146873474121e-02
4.691754654049873352e-02
6.786333769559860229e-02
8.016036450862884521e-02
1.014751642942428589e-01
1.020629629492759705e-01
1.051162332296371460e-01
7.777924835681915283e-02
5.348649248480796814e-02
3.578273952007293701e-02
2.714351378381252289e-02
3.685377910733222961e-02
5.876097083091735840e-02
8.325290679931640625e-02
9.202378988265991211e-02
1.001484841108322144e-01
8.551978319883346558e-02
6.924851983785629272e-02
4.934831336140632629e-02
3.213821351528167725e-02
2.876886911690235138e-02
2.896100841462612152e-02
3.909668326377868652e-02
4.702100530266761780e-02
5.630578100681304932e-02
5.231396481394767761e-02
4.726635664701461792e-02
3.783291578292846680e-02
2.985320799052715302e-02
2.713787369430065155e-02
2.585747279226779938e-02
2.926832623779773712e-02
3.185287117958068848e-02
3.762635961174964905e-02
4.043813049793243408e-02
4.383831843733787537e-02
4.065907001495361328e-02
3.786803036928176880e-02
3.352784365415573120e-02
2.987552247941493988e-02
2.742528356611728668e-02
2.547611109912395477e-02
2.542815357446670532e-02
2.547245845198631287e-02
2.677046880125999451e-02
2.765523456037044525e-02
2.898054197430610657e-02
2.991278283298015594e-02
3.110030479729175568e-02
3.227710723876953125e-02
3.345777839422225952e-02
3.421733900904655457e-02
3.513032197952270508e-02
3.492589294910430908e-02
3.488605096936225891e-02
3.397084400057792664e-02
3.377061709761619568e-02
3.246484696865081787e-02
3.195771947503089905e-02
3.093686886131763458e-02
3.046166896820068359e-02
2.953883074223995209e-02
2.901753783226013184e-02
2.835069969296455383e-02
2.797742746770381927e-02
2.758779935538768768e-02
2.749426476657390594e-02
2.737531810998916626e-02
2.756182663142681122e-02
2.780739217996597290e-02
2.850239723920822144e-02
2.915688976645469666e-02
3.062146157026290894e-02
3.239169716835021973e-02
3.576619178056716919e-02
3.964320942759513855e-02
4.706877470016479492e-02
5.329002439975738525e-02
6.593560427427291870e-02
7.356163114309310913e-02
9.022515267133712769e-02
9.436820447444915771e-02
1.056306660175323486e-01
9.075774252414703369e-02
8.047803491353988647e-02
5.460971966385841370e-02
3.707670420408248901e-02
2.649925462901592255e-02
2.542781829833984375e-02
3.139092028141021729e-02
4.213259741663932800e-02
5.984557047486305237e-02
7.334011793136596680e-02
9.623726457357406616e-02
9.614618122577667236e-02
9.998957812786102295e-02
7.794422656297683716e-02
5.758112668991088867e-02
3.577403724193572998e-02
2.579767070710659027e-02
2.730867266654968262e-02
3.745287284255027771e-02
5.388366803526878357e-02
6.743576377630233765e-02
8.787979930639266968e-02
8.683322370052337646e-02
8.833302557468414307e-02
6.478236615657806396e-02
4.594618827104568481e-02
3.145921230316162109e-02
2.508266456425189972e-02
2.709577791392803192e-02
3.499499708414077759e-02
4.596870392560958862e-02
5.547661334276199341e-02
6.803739070892333984e-02
6.678386032581329346e-02
6.866280734539031982e-02
5.717607215046882629e-02
4.840799421072006226e-02
3.627354651689529419e-02
2.798133529722690582e-02
2.453925088047981262e-02
2.547827363014221191e-02
2.940038777887821198e-02
3.440061584115028381e-02
3.961440920829772949e-02
4.178896546363830566e-02
4.486827924847602844e-02
4.331665486097335815e-02
4.327269643545150757e-02
4.058978334069252014e-02
3.790572285652160645e-02
3.358006477355957031e-02
3.010004758834838867e-02
2.640399709343910217e-02
2.442350238561630249e-02
2.360421046614646912e-02
2.375255897641181946e-02
2.498937211930751801e-02
2.649023570120334625e-02
2.858866564929485321e-02
3.082973882555961609e-02
3.381364047527313232e-02
3.603801131248474121e-02
3.956259042024612427e-02
4.119299352169036865e-02
4.388090595602989197e-02
4.308404400944709778e-02
4.321737587451934814e-02
3.997496888041496277e-02
3.769793361425399780e-02
3.357895463705062866e-02
3.060198016464710236e-02
2.761592157185077667e-02
2.561066858470439911e-02
2.421889081597328186e-02
2.355521172285079956e-02
2.312911860644817352e-02
2.304464951157569885e-02
2.325312048196792603e-02
2.348243258893489838e-02
2.390971034765243530e-02
2.453930117189884186e-02
2.531017176806926727e-02
2.623513154685497284e-02
2.776416204869747162e-02
2.959032729268074036e-02
3.252838179469108582e-02
3.574140369892120361e-02
4.184903949499130249e-02
4.789463803172111511e-02
5.991278961300849915e-02
7.144165039062500000e-02
9.075952321290969849e-02
9.442559629678726196e-02
1.074663177132606506e-01
8.958307653665542603e-02
7.630719989538192749e-02
4.985368624329566956e-02
3.186293318867683411e-02
2.370919473469257355e-02
2.667531743645668030e-02
3.724209964275360107e-02
5.249693989753723145e-02
7.791525870561599731e-02
9.209195524454116821e-02
1.181294247508049011e-01
1.140769794583320618e-01
1.041524931788444519e-01
6.814783066511154175e-02
4.289380833506584167e-02
3.018651716411113739e-02
2.703389339148998260e-02
3.892752528190612793e-02
5.737261101603507996e-02
8.250650018453598022e-02
9.877390414476394653e-02
1.256845742464065552e-01
1.052274554967880249e-01
8.125185221433639526e-02
4.110605642199516296e-02
2.475298568606376648e-02
3.609995543956756592e-02
6.324259191751480103e-02
1.131494939327239990e-01
2.260199338197708130e-01
2.965733110904693604e-01
2.301994711160659790e-01
1.879867911338806152e-01
4.370813444256782532e-02
8.746744692325592041e-02
1.628801673650741577e-01
1.390007734298706055e-01
1.507467031478881836e+00
1.892250251770019531e+01
6.282919883728027344e+00
7.883655548095703125e+00
5.979443073272705078e+00
4.063217639923095703e+00
5.922485351562500000e+00
6.120349407196044922e+00
4.393235206604003906e+00
4.493134498596191406e+00
5.325405597686767578e+00
5.518995761871337891e+00
5.028915882110595703e+00
4.416958332061767578e+00
4.279709815979003906e+00
4.686532497406005859e+00
4.852899551391601562e+00
4.466099739074707031e+00
4.160776615142822266e+00
4.249505996704101562e+00
4.450924396514892578e+00
4.447963237762451172e+00
4.237863063812255859e+00
4.033666610717773438e+00
4.034057140350341797e+00
4.163434982299804688e+00
4.124233245849609375e+00
3.912863492965698242e+00
3.823995113372802734e+00
3.882128477096557617e+00
3.841526508331298828e+00
3.679265260696411133e+00
3.565164804458618164e+00
3.564693212509155273e+00
3.490604400634765625e+00
3.338756561279296875e+00
3.298452138900756836e+00
3.145681142807006836e+00
3.017261505126953125e+00
2.937654733657836914e+00
2.749331712722778320e+00
2.672869205474853516e+00
2.473635435104370117e+00
2.359386444091796875e+00
2.136010169982910156e+00
2.045070648193359375e+00
1.851969838142395020e+00
1.615445137023925781e+00
1.439751744270324707e+00
1.370204091072082520e+00
1.674869298934936523e+00
2.649834156036376953e+00
4.853085994720458984e+00
9.255444407463073730e-01
4.618642330169677734e+00
5.334188938140869141e+00
3.548269748687744141e+00
3.622067451477050781e+00
2.681281328201293945e+00
2.448124647140502930e+00
3.456806421279907227e+00
1.226970076560974121e+00
3.269557476043701172e+00
1.404529809951782227e+00
2.085447549819946289e+00
2.148037195205688477e+00
1.120759725570678711e+00
2.219745874404907227e+00
1.134275317192077637e+00
1.642089128494262695e+00
1.607459425926208496e+00
1.023957967758178711e+00
1.660784959793090820e+00
9.653791785240173340e-01
1.314362764358520508e+00
1.171682834625244141e+00
9.145681262016296387e-01
1.210422158241271973e+00
7.640073895454406738e-01
1.073612332344055176e+00
7.467687129974365234e-01
8.893262743949890137e-01
7.284531593322753906e-01
7.382952570915222168e-01
7.294152379035949707e-01
6.039727926254272461e-01
6.841022968292236328e-01
5.358299612998962402e-01
6.251258254051208496e-01
4.748932123184204102e-01
5.797724723815917969e-01
4.460382461547851562e-01
5.261964201927185059e-01
4.115612506866455078e-01
4.829205870628356934e-01
3.918109238147735596e-01
4.372668266296386719e-01
3.726653158664703369e-01
4.003681838512420654e-01
3.650060296058654785e-01
3.643026053905487061e-01
3.556411564350128174e-01
3.298316597938537598e-01
3.466224074363708496e-01
3.064187765121459961e-01
3.329240381717681885e-01
2.923909127712249756e-01
3.084051311016082764e-01
2.876891195774078369e-01
2.804792821407318115e-01
2.850840091705322266e-01
2.604947388172149658e-01
2.732019722461700439e-01
2.557071149349212646e-01
2.506190836429595947e-01
2.544808387756347656e-01
2.362740784883499146e-01
2.403550893068313599e-01
2.345650941133499146e-01
2.234333753585815430e-01
2.275626510381698608e-01
2.186475247144699097e-01
2.125748097896575928e-01
2.148831337690353394e-01
2.072197496891021729e-01
2.016752660274505615e-01
2.028455585241317749e-01
1.969397962093353271e-01
1.914706230163574219e-01
1.915494352579116821e-01
1.877369880676269531e-01
1.823416203260421753e-01
1.810454875230789185e-01
1.793625801801681519e-01
1.748413294553756714e-01
1.716456115245819092e-01
1.706141233444213867e-01
1.683817058801651001e-01
1.646765768527984619e-01
1.620115190744400024e-01
1.607805043458938599e-01
1.589950919151306152e-01
1.560717523097991943e-01
1.532052606344223022e-01
1.513685286045074463e-01
1.500307172536849976e-01
1.483528912067413330e-01
1.460036039352416992e-01
1.434207707643508911e-01
1.412182450294494629e-01
1.394806653261184692e-01
1.380197852849960327e-01
1.366788893938064575e-01
1.353940069675445557e-01
1.341173946857452393e-01
1.329395323991775513e-01
1.316834986209869385e-01
1.305979192256927490e-01
1.296893954277038574e-01
1.291837841272354126e-01
1.293313801288604736e-01
1.306710839271545410e-01
1.335290819406509399e-01
1.387173831462860107e-01
1.462727338075637817e-01
1.561998426914215088e-01
1.660028845071792603e-01
1.724017858505249023e-01
1.717333495616912842e-01
1.613693684339523315e-01
1.439802497625350952e-01
1.254642009735107422e-01
1.132622361183166504e-01
1.109348908066749573e-01
1.163444891571998596e-01
1.247017607092857361e-01
1.322961002588272095e-01
1.366475671529769897e-01
1.381532102823257446e-01
1.375504136085510254e-01
1.356846392154693604e-01
1.338357329368591309e-01
1.318903416395187378e-01
1.309068500995635986e-01
1.307093799114227295e-01
1.319583654403686523e-01
1.338080912828445435e-01
1.366465985774993896e-01
1.392612010240554810e-01
1.417411416769027710e-01
1.423980742692947388e-01
1.414318084716796875e-01
1.368667781352996826e-01
1.299765855073928833e-01
1.199768856167793274e-01
1.098560020327568054e-01
1.007895395159721375e-01
9.470511972904205322e-02
9.204638004302978516e-02
9.247323870658874512e-02
9.504228830337524414e-02
9.903208166360855103e-02
1.045510172843933105e-01
1.114028543233871460e-01
1.215333640575408936e-01
1.358372271060943604e-01
1.586450189352035522e-01
1.884476393461227417e-01
2.317407280206680298e-01
2.655641734600067139e-01
2.917326986789703369e-01
2.556663155555725098e-01
1.879425346851348877e-01
1.096882522106170654e-01
8.778487145900726318e-02
1.241349950432777405e-01
1.647335737943649292e-01
1.713263839483261108e-01
1.282708942890167236e-01
9.032442420721054077e-02
9.064311534166336060e-02
1.168177947402000427e-01
1.314370781183242798e-01
1.145851612091064453e-01
9.062568098306655884e-02
8.228993415832519531e-02
9.369347989559173584e-02
1.072520911693572998e-01
1.045250371098518372e-01
9.080693125724792480e-02
8.011812716722488403e-02
8.189994841814041138e-02
9.086121618747711182e-02
9.557204693555831909e-02
9.219790995121002197e-02
8.344918489456176758e-02
7.733307033777236938e-02
7.751435041427612305e-02
8.171100169420242310e-02
8.520185947418212891e-02
8.460261672735214233e-02
8.098872005939483643e-02
7.656881213188171387e-02
7.381397485733032227e-02
7.347259670495986938e-02
7.478408515453338623e-02
7.632111012935638428e-02
7.693881541490554810e-02
7.655747234821319580e-02
7.514303177595138550e-02
7.340928167104721069e-02
7.170380651950836182e-02
7.043602317571640015e-02
6.967702507972717285e-02
6.940465420484542847e-02
6.952467560768127441e-02
6.987967342138290405e-02
7.045405358076095581e-02
7.123554497957229614e-02
7.242778688669204712e-02
7.402087748050689697e-02
7.648068666458129883e-02
7.977773249149322510e-02
8.528631925582885742e-02
9.277074038982391357e-02
1.054599359631538391e-01
1.209349036216735840e-01
1.459301859140396118e-01
1.698616594076156616e-01
2.005674690008163452e-01
2.070557028055191040e-01
2.009450495243072510e-01
1.551201790571212769e-01
1.055352762341499329e-01
7.053381204605102539e-02
6.960193812847137451e-02
9.371282160282135010e-02
1.168406680226325989e-01
1.228361502289772034e-01
1.026336103677749634e-01
7.740318030118942261e-02
6.439310312271118164e-02
7.054267078638076782e-02
8.624474704265594482e-02
9.575296938419342041e-02
9.346000850200653076e-02
7.990701496601104736e-02
6.716245412826538086e-02
6.275472790002822876e-02
6.757958978414535522e-02
7.538335770368576050e-02
7.846868783235549927e-02
7.561537623405456543e-02
6.814899295568466187e-02
6.238309293985366821e-02
6.122825294733047485e-02
6.394845247268676758e-02
6.736662983894348145e-02
6.847511231899261475e-02
6.689812988042831421e-02
6.344718486070632935e-02
6.053075566887855530e-02
5.951568111777305603e-02
6.036258488893508911e-02
6.182925403118133545e-02
6.263320893049240112e-02
6.245308369398117065e-02
6.125882267951965332e-02
5.982453003525733948e-02
5.858359113335609436e-02
5.796184763312339783e-02
5.798989534378051758e-02
5.840441584587097168e-02
5.887382104992866516e-02
5.907569453120231628e-02
5.894761905074119568e-02
5.848268046975135803e-02
5.786965042352676392e-02
5.721737444400787354e-02
5.668141320347785950e-02
5.631074309349060059e-02
5.610548704862594604e-02
5.603116005659103394e-02
5.604207515716552734e-02
5.610038712620735168e-02
5.618708580732345581e-02
5.629173293709754944e-02
5.637760832905769348e-02
5.647490546107292175e-02
5.652536451816558838e-02
5.663793906569480896e-02
5.673812702298164368e-02
5.696404725313186646e-02
5.714622512459754944e-02
5.745072290301322937e-02
5.773183703422546387e-02
5.819655209779739380e-02
5.868167057633399963e-02
5.951175093650817871e-02
6.048898398876190186e-02
6.208935752511024475e-02
6.416993588209152222e-02
6.737203896045684814e-02
7.151368260383605957e-02
7.754639536142349243e-02
8.459726721048355103e-02
9.480094164609909058e-02
1.047042459249496460e-01
1.171172335743904114e-01
1.240830123424530029e-01
1.294616907835006714e-01
1.213942840695381165e-01
1.084178090095520020e-01
8.592891693115234375e-02
6.673220545053482056e-02
5.463074147701263428e-02
5.313302204012870789e-02
5.983273684978485107e-02
6.921442598104476929e-02
7.747146487236022949e-02
7.872190326452255249e-02
7.520638406276702881e-02
6.653035432100296021e-02
5.845065787434577942e-02
5.280229076743125916e-02
5.136822536587715149e-02
5.356959998607635498e-02
5.745714530348777771e-02
6.114672124385833740e-02
6.272603571414947510e-02
6.215680763125419617e-02
5.935683473944664001e-02
5.594736710190773010e-02
5.279197916388511658e-02
5.080462619662284851e-02
5.020848661661148071e-02
5.079351365566253662e-02
5.206906795501708984e-02
5.347945913672447205e-02
5.453815311193466187e-02
5.497411638498306274e-02
5.490425229072570801e-02
5.429550260305404663e-02
5.339517071843147278e-02
5.227624997496604919e-02
5.119010061025619507e-02
5.025706067681312561e-02
4.955599829554557800e-02
4.912141710519790649e-02
4.890570417046546936e-02
4.886127635836601257e-02
4.895007237792015076e-02
4.914974421262741089e-02
4.941663891077041626e-02
4.975660517811775208e-02
5.010488256812095642e-02
5.048268660902976990e-02
5.081244185566902161e-02
5.117218941450119019e-02
5.145119503140449524e-02
5.175317078828811646e-02
5.190986394882202148e-02
5.208261683583259583e-02
5.217621102929115295e-02
5.221473425626754761e-02
5.227539688348770142e-02
5.233525112271308899e-02
5.246111378073692322e-02
5.268063396215438843e-02
5.297189950942993164e-02
5.344859883189201355e-02
5.409019067883491516e-02
5.501266941428184509e-02
5.622877553105354309e-02
5.792487412691116333e-02
5.989577993750572205e-02
6.274035573005676270e-02
6.583135575056076050e-02
7.025586068630218506e-02
7.482346147298812866e-02
8.081371337175369263e-02
8.527271449565887451e-02
9.047935158014297485e-02
9.146592766046524048e-02
9.184859693050384521e-02
8.613988012075424194e-02
7.935954630374908447e-02
6.892096251249313354e-02
5.939500033855438232e-02
5.139617994427680969e-02
4.700964316725730896e-02
4.628448188304901123e-02
4.838610440492630005e-02
5.204859003424644470e-02
5.576016753911972046e-02
5.907538160681724548e-02
6.046679243445396423e-02
6.089652329683303833e-02
5.916695296764373779e-02
5.696998164057731628e-02
5.374380201101303101e-02
5.065023154020309448e-02
4.794140905141830444e-02
4.610347375273704529e-02
4.527103155851364136e-02
4.531980678439140320e-02
4.600252211093902588e-02
4.704419523477554321e-02
4.826680570840835571e-02
4.941977560520172119e-02
5.052173882722854614e-02
5.126168951392173767e-02
5.192982777953147888e-02
5.212720483541488647e-02
5.231162160634994507e-02
5.217324942350387573e-02
5.206972360610961914e-02
5.171488970518112183e-02
5.147206410765647888e-02
5.094738304615020752e-02
5.063165724277496338e-02
5.013101175427436829e-02
4.980277270078659058e-02
4.932802543044090271e-02
4.903377592563629150e-02
4.863787814974784851e-02
4.840839654207229614e-02
4.809359833598136902e-02
4.800653830170631409e-02
4.789811372756958008e-02
4.802999272942543030e-02
4.809261485934257507e-02
4.839787632226943970e-02
4.865809530019760132e-02
4.915511608123779297e-02
4.970354586839675903e-02
5.065681040287017822e-02
5.177779868245124817e-02
5.348000675439834595e-02
5.542174726724624634e-02
5.836698785424232483e-02
6.162603572010993958e-02
6.630086898803710938e-02
7.111905515193939209e-02
7.713446766138076782e-02
8.166991919279098511e-02
8.649718761444091797e-02
8.713465183973312378e-02
8.667401969432830811e-02
8.049669116735458374e-02
7.284996658563613892e-02
6.217209994792938232e-02
5.292131751775741577e-02
4.595372080802917480e-02
4.283938556909561157e-02
4.327875375747680664e-02
4.617997631430625916e-02
5.019955709576606750e-02
5.361634865403175354e-02
5.600638315081596375e-02
5.631665512919425964e-02
5.531331151723861694e-02
5.267228558659553528e-02
4.973159730434417725e-02
4.653494432568550110e-02
4.402220621705055237e-02
4.243570193648338318e-02
4.191891849040985107e-02
4.230642691254615784e-02
4.323255643248558044e-02
4.432282596826553345e-02
4.513376206159591675e-02
4.556189104914665222e-02
4.541452601552009583e-02
4.492982476949691772e-02
4.411951825022697449e-02
4.326306656002998352e-02
4.244847968220710754e-02
4.180287942290306091e-02
4.140802100300788879e-02
4.127498343586921692e-02
4.136544466018676758e-02
4.161459952592849731e-02
4.195092245936393738e-02
4.230531305074691772e-02
4.263364151120185852e-02
4.283924028277397156e-02
4.300722852349281311e-02
4.303615167737007141e-02
4.301982000470161438e-02
4.289647936820983887e-02
4.275286942720413208e-02
4.254530742764472961e-02
4.231814667582511902e-02
4.205043986439704895e-02
4.177782684564590454e-02
4.149704799056053162e-02
4.124693199992179871e-02
4.101487994194030762e-02
4.082152619957923889e-02
4.066479206085205078e-02
4.055064171552658081e-02
4.045501351356506348e-02
4.038319736719131470e-02
4.033108428120613098e-02
4.028851166367530823e-02
4.026192426681518555e-02
4.024560749530792236e-02
4.024798050522804260e-02
4.026758298277854919e-02
4.032689332962036133e-02
4.042324796319007874e-02
4.061527177691459656e-02
4.092874005436897278e-02
4.142653197050094604e-02
4.222349077463150024e-02
4.340489208698272705e-02
4.526022821664810181e-02
4.784360900521278381e-02
5.189603567123413086e-02
5.779597163200378418e-02
6.705068051815032959e-02
7.990928739309310913e-02
9.901778399944305420e-02
1.221577823162078857e-01
1.520679146051406860e-01
1.732939630746841431e-01
1.903082430362701416e-01
1.685907840728759766e-01
1.314696222543716431e-01
7.697649300098419189e-02
4.472990706562995911e-02
4.396607726812362671e-02
6.653953343629837036e-02
9.544565528631210327e-02
1.045332476496696472e-01
9.526527673006057739e-02
6.570473313331604004e-02
4.331183806061744690e-02
4.137991368770599365e-02
5.625529587268829346e-02
7.384958863258361816e-02
7.846435904502868652e-02
7.091300189495086670e-02
5.304508656263351440e-02
4.097183048725128174e-02
4.207376390695571899e-02
5.248053371906280518e-02
6.150647252798080444e-02
6.017245352268218994e-02
5.167835578322410583e-02
4.226595163345336914e-02
3.956567496061325073e-02
4.360502958297729492e-02
4.853526502847671509e-02
4.994885250926017761e-02
4.638076573610305786e-02
4.144300520420074463e-02
3.876600414514541626e-02
3.976357355713844299e-02
4.247165471315383911e-02
4.390262812376022339e-02
4.323644563555717468e-02
4.101874306797981262e-02
3.906721994280815125e-02
3.840547055006027222e-02
3.911666199564933777e-02
4.026999324560165405e-02
4.075311124324798584e-02
4.027039185166358948e-02
3.928252682089805603e-02
3.841775283217430115e-02
3.808918595314025879e-02
3.829840570688247681e-02
3.879859298467636108e-02
3.915463387966156006e-02
3.915733471512794495e-02
3.875907137989997864e-02
3.829322755336761475e-02
3.792326152324676514e-02
3.777347132563591003e-02
3.783381730318069458e-02
3.800303861498832703e-02
3.817005082964897156e-02
3.820829093456268311e-02
3.813198953866958618e-02
3.796966373920440674e-02
3.778055682778358459e-02
3.760576993227005005e-02
3.748471289873123169e-02
3.742722049355506897e-02
3.741954639554023743e-02
3.744658455252647400e-02
3.747783601284027100e-02
3.750890493392944336e-02
3.751996159553527832e-02
3.751937299966812134e-02
3.748383373022079468e-02
3.741527721285820007e-02
3.732667118310928345e-02
3.724257647991180420e-02
3.716440498828887939e-02
3.709837049245834351e-02
3.704182058572769165e-02
3.699668124318122864e-02
3.696297481656074524e-02
3.693586215376853943e-02
3.691645711660385132e-02
3.690467774868011475e-02
3.690537810325622559e-02
3.691352158784866333e-02
3.693046793341636658e-02
3.694893047213554382e-02
3.697885572910308838e-02
3.700429201126098633e-02
3.703838586807250977e-02
3.707330301403999329e-02
3.711872547864913940e-02
3.715736791491508484e-02
3.720041736960411072e-02
3.722048923373222351e-02
3.725820034742355347e-02
3.727414831519126892e-02
3.733804449439048767e-02
3.736924007534980774e-02
3.748046234250068665e-02
3.755829483270645142e-02
3.772857785224914551e-02
3.786408901214599609e-02
3.809713572263717651e-02
3.829592093825340271e-02
3.867952898144721985e-02
3.897317871451377869e-02
3.946955502033233643e-02
3.986568003892898560e-02
4.051026329398155212e-02
4.102641716599464417e-02
4.186590015888214111e-02
4.264076054096221924e-02
4.387429356575012207e-02
4.504410922527313232e-02
4.697731882333755493e-02
4.894294589757919312e-02
5.186441540718078613e-02
5.462654307484626770e-02
5.856001749634742737e-02
6.178967654705047607e-02
6.620004773139953613e-02
6.891474872827529907e-02
7.250601053237915039e-02
7.250474393367767334e-02
7.258877158164978027e-02
6.818138062953948975e-02
6.359596550464630127e-02
5.620653182268142700e-02
4.936522245407104492e-02
4.292176291346549988e-02
3.844738751649856567e-02
3.609231114387512207e-02
3.584396466612815857e-02
3.716881200671195984e-02
3.925473988056182861e-02
4.154329746961593628e-02
4.323594272136688232e-02
4.440436139702796936e-02
4.441950097680091858e-02
4.399028047919273376e-02
4.268019273877143860e-02
4.119683429598808289e-02
3.953193500638008118e-02
3.802376240491867065e-02
3.676675632596015930e-02
3.589413315057754517e-02
3.540529683232307434e-02
3.526255488395690918e-02
3.538993373513221741e-02
3.570739924907684326e-02
3.617778420448303223e-02
3.674528375267982483e-02
3.745163232088088989e-02
3.822623565793037415e-02
3.912982344627380371e-02
4.004015028476715088e-02
4.114533215761184692e-02
4.216429963707923889e-02
4.349307715892791748e-02
4.456843063235282898e-02
4.606850072741508484e-02
4.728831723332405090e-02
4.903625324368476868e-02
5.040249601006507874e-02
5.248335376381874084e-02
5.396094918251037598e-02
5.612098053097724915e-02
5.749551579356193542e-02
5.949549749493598938e-02
6.015428155660629272e-02
6.122358143329620361e-02
6.042071059346199036e-02
5.964534357190132141e-02
5.683966726064682007e-02
5.417872965335845947e-02
5.012248829007148743e-02
4.627979546785354614e-02
4.240828752517700195e-02
3.921651095151901245e-02
3.672854602336883545e-02
3.523325547575950623e-02
3.455254435539245605e-02
3.457447886466979980e-02
3.512752056121826172e-02
3.601595759391784668e-02
3.712792694568634033e-02
3.834746032953262329e-02
3.969119116663932800e-02
4.099346324801445007e-02
4.236976057291030884e-02
4.349016398191452026e-02
4.472498968243598938e-02
4.543395340442657471e-02
4.619342833757400513e-02
4.649315029382705688e-02
4.675831645727157593e-02
4.658743366599082947e-02
4.643253609538078308e-02
4.577910527586936951e-02
4.512019082903862000e-02
4.407857358455657959e-02
4.307457432150840759e-02
4.171092808246612549e-02
4.046376049518585205e-02
3.907736018300056458e-02
3.793892264366149902e-02
3.683580458164215088e-02
3.598030284047126770e-02
3.524173051118850708e-02
3.468261286616325378e-02
3.427013754844665527e-02
3.399010747671127319e-02
3.382636606693267822e-02
3.375132009387016296e-02
3.374165669083595276e-02
3.377889841794967651e-02
3.385443985462188721e-02
3.397854045033454895e-02
3.415305912494659424e-02
3.443914651870727539e-02
3.489464521408081055e-02
3.557784855365753174e-02
3.658510372042655945e-02
3.803006187081336975e-02
4.014604538679122925e-02
4.302415624260902405e-02
4.753531143069267273e-02
5.349110811948776245e-02
6.277846544981002808e-02
7.437537610530853271e-02
9.155172109603881836e-02
1.096526682376861572e-01
1.336392015218734741e-01
1.484770625829696655e-01
1.624850481748580933e-01
1.460692286491394043e-01
1.217430457472801208e-01
7.906127721071243286e-02
4.692260921001434326e-02
3.413362428545951843e-02
4.176827520132064819e-02
6.065214052796363831e-02
7.637295126914978027e-02
8.268730342388153076e-02
6.994501501321792603e-02
5.214562639594078064e-02
3.733697161078453064e-02
3.374133631587028503e-02
3.984162583947181702e-02
4.919539391994476318e-02
5.637559294700622559e-02
5.486125499010086060e-02
4.780835285782814026e-02
3.845911845564842224e-02
3.357858955860137939e-02
3.446744754910469055e-02
3.885908424854278564e-02
4.368811845779418945e-02
4.505518451333045959e-02
4.273286461830139160e-02
3.770153969526290894e-02
3.396375477313995361e-02
3.314981237053871155e-02
3.478920832276344299e-02
3.738853335380554199e-02
3.904679790139198303e-02
3.888711705803871155e-02
3.672112897038459778e-02
3.439021483063697815e-02
3.301534429192543030e-02
3.291598707437515259e-02
3.380141407251358032e-02
3.495202213525772095e-02
3.561472147703170776e-02
3.530394285917282104e-02
3.447545319795608521e-02
3.350462391972541809e-02
3.279072418808937073e-02
3.253287822008132935e-02
3.272017091512680054e-02
3.311067447066307068e-02
3.343767672777175903e-02
3.359325975179672241e-02
3.351156041026115417e-02
3.323360905051231384e-02
3.285321593284606934e-02
3.252545371651649475e-02
3.233280405402183533e-02
3.231219947338104248e-02
3.241634741425514221e-02
3.256056085228919983e-02
3.270132467150688171e-02
3.277260810136795044e-02
3.276815265417098999e-02
3.266876563429832458e-02
3.254763782024383545e-02
3.240215033292770386e-02
3.227243199944496155e-02
3.216721117496490479e-02
3.209332749247550964e-02
3.204592689871788025e-02
3.202530369162559509e-02
3.202348947525024414e-02
3.203212097287178040e-02
3.204698860645294189e-02
3.206675127148628235e-02
3.209096565842628479e-02
3.211035206913948059e-02
3.214469179511070251e-02
3.216756880283355713e-02
3.220108151435852051e-02
3.223039582371711731e-02
3.226614370942115784e-02
3.228209167718887329e-02
3.229957818984985352e-02
3.229424357414245605e-02
3.229251876473426819e-02
3.226792812347412109e-02
3.222556039690971375e-02
3.216964751482009888e-02
3.211948648095130920e-02
3.206440806388854980e-02
3.201827034354209900e-02
3.197580948472023010e-02
3.194505721330642700e-02
3.192333132028579712e-02
3.191590681672096252e-02
3.192825987935066223e-02
3.195585682988166809e-02
3.199607133865356445e-02
3.205958753824234009e-02
3.215865045785903931e-02
3.233371675014495850e-02
3.258152678608894348e-02
3.296445682644844055e-02
3.348360583186149597e-02
3.424486517906188965e-02
3.523706272244453430e-02
3.673782199621200562e-02
3.865627571940422058e-02
4.162453860044479370e-02
4.535392671823501587e-02
5.127920582890510559e-02
5.849708616733551025e-02
6.893811374902725220e-02
8.001226186752319336e-02
9.574715793132781982e-02
1.081513836979866028e-01
1.248647049069404602e-01
1.272341161966323853e-01
1.295134276151657104e-01
1.077135652303695679e-01
8.451424539089202881e-02
5.471407994627952576e-02
3.631414473056793213e-02
3.193566948175430298e-02
3.967373818159103394e-02
5.363321676850318909e-02
6.477249413728713989e-02
7.180581241846084595e-02
6.622719764709472656e-02
5.713192000985145569e-02
4.423624277114868164e-02
3.501773625612258911e-02
3.134594112634658813e-02
3.334097564220428467e-02
3.872325643897056580e-02
4.398960620164871216e-02
4.728156328201293945e-02
4.619776457548141479e-02
4.271722212433815002e-02
3.755081817507743835e-02
3.341811150312423706e-02
3.120102174580097198e-02
3.123114816844463348e-02
3.290399536490440369e-02
3.499168157577514648e-02
3.660362213850021362e-02
3.671402856707572937e-02
3.582266345620155334e-02
3.405779600143432617e-02
3.236776962876319885e-02
3.116356022655963898e-02
3.077165409922599792e-02
3.112550452351570129e-02
3.190972283482551575e-02
3.271722048521041870e-02
3.320769593119621277e-02
3.336366266012191772e-02
3.305047377943992615e-02
3.249855339527130127e-02
3.180731460452079773e-02
3.120490163564682007e-02
3.077132068574428558e-02
3.056409768760204315e-02
3.056758642196655273e-02
3.072700276970863342e-02
3.096089139580726624e-02
3.118650056421756744e-02
3.136783093214035034e-02
3.142886608839035034e-02
3.140844404697418213e-02
3.129225596785545349e-02
3.115866519510746002e-02
3.097743168473243713e-02
3.079845756292343140e-02
3.062603622674942017e-02
3.047981671988964081e-02
3.037230297923088074e-02
3.030457533895969391e-02
3.026938252151012421e-02
3.025691956281661987e-02
3.026458248496055603e-02
3.029189258813858032e-02
3.034400939941406250e-02
3.043314255774021149e-02
3.058166801929473877e-02
3.078368119895458221e-02
3.109162487089633942e-02
3.145230188965797424e-02
3.191203251481056213e-02
3.242362290620803833e-02
3.307832777500152588e-02
3.376191481947898865e-02
3.462651371955871582e-02
3.553680330514907837e-02
3.681311756372451782e-02
3.827688843011856079e-02
4.051918163895606995e-02
4.305291548371315002e-02
4.702153056859970093e-02
5.140042677521705627e-02
5.793983489274978638e-02
6.407336890697479248e-02
7.212164252996444702e-02
7.707364112138748169e-02
8.319751173257827759e-02
8.243070542812347412e-02
8.175243437290191650e-02
7.222376763820648193e-02
6.265789270401000977e-02
4.957261309027671814e-02
3.916160017251968384e-02
3.224667161703109741e-02
3.003469668328762054e-02
3.177781030535697937e-02
3.606916964054107666e-02
4.166800901293754578e-02
4.632401093840599060e-02
4.991111531853675842e-02
4.994902759790420532e-02
4.844326153397560120e-02
4.423783347010612488e-02
3.982619941234588623e-02
3.526951372623443604e-02
3.192921355366706848e-02
3.010446950793266296e-02
2.979972399771213531e-02
3.067257814109325409e-02
3.224866092205047607e-02
3.410901874303817749e-02
3.570244088768959045e-02
3.692571073770523071e-02
3.722492977976799011e-02
3.706714510917663574e-02
3.601337969303131104e-02
3.479503095149993896e-02
3.326838463544845581e-02
3.191161155700683594e-02
3.073923103511333466e-02
2.996727451682090759e-02
2.958290837705135345e-02
2.952833846211433411e-02
2.972130477428436279e-02
3.008252382278442383e-02
3.057098388671875000e-02
3.109147213399410248e-02
3.163719922304153442e-02
3.216716647148132324e-02
3.271741792559623718e-02
3.320196270942687988e-02
3.375881165266036987e-02
3.422670438885688782e-02
3.479279950261116028e-02
3.526826202869415283e-02
3.610995039343833923e-02
3.688066825270652771e-02
3.812316060066223145e-02
3.923154994845390320e-02
4.095770791172981262e-02
4.244030639529228210e-02
4.468845203518867493e-02
4.641126841306686401e-02
4.934566840529441833e-02
5.127627775073051453e-02
5.469730868935585022e-02
5.621513351798057556e-02
5.878206714987754822e-02
5.841045081615447998e-02
5.852384865283966064e-02
5.517306178808212280e-02
5.225345119833946228e-02
4.706552997231483459e-02
4.249757155776023865e-02
3.755364567041397095e-02
3.386291116476058960e-02
3.116880171000957489e-02
2.962324395775794983e-02
2.911620773375034332e-02
2.941955812275409698e-02
3.029734268784523010e-02
3.150808811187744141e-02
3.305589407682418823e-02
3.463635966181755066e-02
3.650960698723793030e-02
3.809955343604087830e-02
4.015367105603218079e-02
4.178480058908462524e-02
4.396649077534675598e-02
4.550858959555625916e-02
4.762374982237815857e-02
4.869228228926658630e-02
5.047535151243209839e-02
5.097951740026473999e-02
5.185139551758766174e-02
5.031919106841087341e-02
4.907285422086715698e-02
4.579582437872886658e-02
4.285020753741264343e-02
3.896904364228248596e-02
3.562209755182266235e-02
3.264300897717475891e-02
3.048195131123065948e-02
2.923195995390415192e-02
2.882793173193931580e-02
2.907701767981052399e-02
2.978841960430145264e-02
3.080695495009422302e-02
3.197369724512100220e-02
3.334187343716621399e-02
3.465907275676727295e-02
3.625667467713356018e-02
3.762216866016387939e-02
3.934459760785102844e-02
4.074307158589363098e-02
4.278090596199035645e-02
4.455553740262985229e-02
4.704539850354194641e-02
4.871323704719543457e-02
5.095491185784339905e-02
5.170509964227676392e-02
5.278088524937629700e-02
5.155313014984130859e-02
5.059380084276199341e-02
4.736319556832313538e-02
4.429912939667701721e-02
4.023845121264457703e-02
3.670859709382057190e-02
3.347356244921684265e-02
3.099249117076396942e-02
2.937008067965507507e-02
2.863230369985103607e-02
2.860971726477146149e-02
2.910661697387695312e-02
2.994018048048019409e-02
3.092845715582370758e-02
3.212467581033706665e-02
3.327255323529243469e-02
3.458971157670021057e-02
3.573590144515037537e-02
3.710522875189781189e-02
3.830004483461380005e-02
3.982861712574958801e-02
4.091792181134223938e-02
4.217700660228729248e-02
4.272153228521347046e-02
4.355001449584960938e-02
4.338812455534934998e-02
4.360479488968849182e-02
4.276410490274429321e-02
4.208434373140335083e-02
4.030166566371917725e-02
3.868344798684120178e-02
3.652087599039077759e-02
3.455928713083267212e-02
3.260990232229232788e-02
3.106051124632358551e-02
2.982426248490810394e-02
2.898802794516086578e-02
2.848041988909244537e-02
2.825731411576271057e-02
2.824573963880538940e-02
2.838496677577495575e-02
2.864154614508152008e-02
2.899406664073467255e-02
2.945261262357234955e-02
3.000633791089057922e-02
3.072075545787811279e-02
3.161574527621269226e-02
3.275480866432189941e-02
3.419234976172447205e-02
3.617672249674797058e-02
3.865674510598182678e-02
4.221767187118530273e-02
4.671436548233032227e-02
5.324594303965568542e-02
6.068368256092071533e-02
7.144402712583541870e-02
8.055589348077774048e-02
9.324374049901962280e-02
9.727769345045089722e-02
1.042544543743133545e-01
9.543001651763916016e-02
8.707772195339202881e-02
6.657097488641738892e-02
4.882517084479331970e-02
3.430736064910888672e-02
2.853422239422798157e-02
3.073305264115333557e-02
3.795481473207473755e-02
4.728607088327407837e-02
5.367411300539970398e-02
5.855888873338699341e-02
5.640830099582672119e-02
5.227935314178466797e-02
4.398374632000923157e-02
3.663375601172447205e-02
3.080028668045997620e-02
2.814302034676074982e-02
2.858959697186946869e-02
3.124940954148769379e-02
3.501886129379272461e-02
3.823330998420715332e-02
4.100355133414268494e-02
4.165253788232803345e-02
4.126984626054763794e-02
3.900870308279991150e-02
3.602531179785728455e-02
3.249819576740264893e-02
2.971805632114410400e-02
2.812590077519416809e-02
2.789607271552085876e-02
2.874921821057796478e-02
3.016768954694271088e-02
3.172536939382553101e-02
3.292623534798622131e-02
3.378415852785110474e-02
3.381288051605224609e-02
3.352337703108787537e-02
3.255932778120040894e-02
3.138674423098564148e-02
3.010312654078006744e-02
2.902042306959629059e-02
2.821191400289535522e-02
2.777298539876937866e-02
2.765621058642864227e-02
2.778496965765953064e-02
2.808493003249168396e-02
2.848526090383529663e-02
2.892781421542167664e-02
2.935007214546203613e-02
2.971909940242767334e-02
3.003558330237865448e-02
3.028458170592784882e-02
3.045879304409027100e-02
3.063865192234516144e-02
3.077464923262596130e-02
3.102299571037292480e-02
3.120358102023601532e-02
3.149760514497756958e-02
3.172433376312255859e-02
3.207582235336303711e-02
3.239737823605537415e-02
3.289692103862762451e-02
3.323924541473388672e-02
3.377665206789970398e-02
3.416515141725540161e-02
3.495696187019348145e-02
3.565881401300430298e-02
3.688680380582809448e-02
3.799057006835937500e-02
3.991842642426490784e-02
4.168063402175903320e-02
4.456172138452529907e-02
4.714784771203994751e-02
5.112210288643836975e-02
5.448525771498680115e-02
6.059671938419342041e-02
6.519861519336700439e-02
7.193929702043533325e-02
7.218735665082931519e-02
7.396511733531951904e-02
6.770548969507217407e-02
6.241028755903244019e-02
5.125624686479568481e-02
4.180168733000755310e-02
3.330564871430397034e-02
2.853398770093917847e-02
2.755920961499214172e-02
2.960491366684436798e-02
3.343387320637702942e-02
3.755451366305351257e-02
4.153382033109664917e-02
4.346785694360733032e-02
4.492314532399177551e-02
4.364395514130592346e-02
4.220131039619445801e-02
3.889124467968940735e-02
3.584719821810722351e-02
3.256718069314956665e-02
3.003020398318767548e-02
2.826369926333427429e-02
2.736399136483669281e-02
2.719708904623985291e-02
2.756722271442413330e-02
2.831536345183849335e-02
2.923352457582950592e-02
3.026213124394416809e-02
3.111326508224010468e-02
3.192407265305519104e-02
3.241365402936935425e-02
3.287494555115699768e-02
3.293152526021003723e-02
3.306485339999198914e-02
3.283313661813735962e-02
3.278554975986480713e-02
3.242635354399681091e-02
3.224965184926986694e-02
3.178482130169868469e-02
3.140432760119438171e-02
3.084076195955276489e-02
3.031405992805957794e-02
2.971714362502098083e-02
2.920266799628734589e-02
2.869063802063465118e-02
2.829926274716854095e-02
2.795256860554218292e-02
2.769044414162635803e-02
2.746436558663845062e-02
2.729769609868526459e-02
2.717312611639499664e-02
2.708826586604118347e-02
2.703318744897842407e-02
2.699736319482326508e-02
2.697583660483360291e-02
2.696841582655906677e-02
2.697453834116458893e-02
2.700758166611194611e-02
2.706970460712909698e-02
2.719413675367832184e-02
2.738044038414955139e-02
2.771912701427936554e-02
2.823543734848499298e-02
2.911766991019248962e-02
3.049809671938419342e-02
3.273374959826469421e-02
3.608924895524978638e-02
4.148105904459953308e-02
5.038391053676605225e-02
6.475051492452621460e-02
8.154033869504928589e-02
1.120727062225341797e-01
1.598828434944152832e-01
2.351386249065399170e-01
2.418803423643112183e-01
2.770525515079498291e-01
2.626296579837799072e-01
2.352731078863143921e-01
9.342680126428604126e-02
3.301807120442390442e-02
6.760299205780029297e-02
1.331079602241516113e-01
1.951134204864501953e-01
1.454713642597198486e-01
7.558397948741912842e-02
2.869161032140254974e-02
5.546369031071662903e-02
1.075941100716590881e-01
1.424832642078399658e-01
1.346288919448852539e-01
5.201206356287002563e-02
3.205887228250503540e-02
7.952658832073211670e-02
1.123421415686607361e-01
1.159717291593551636e-01
6.256681680679321289e-02
3.052894026041030884e-02
5.201642960309982300e-02
8.426611870527267456e-02
8.172284811735153198e-02
4.574346169829368591e-02
3.180312365293502808e-02
4.442415758967399597e-02
5.877483636140823364e-02
5.788087844848632812e-02
3.686804696917533875e-02
2.780875563621520996e-02
3.752871975302696228e-02
4.489007592201232910e-02
4.229405894875526428e-02
3.261275216937065125e-02
2.764494903385639191e-02
3.266497328877449036e-02
3.840213268995285034e-02
3.594616055488586426e-02
2.932824939489364624e-02
2.755113691091537476e-02
3.011083975434303284e-02
3.307268023490905762e-02
3.294050320982933044e-02
2.885861881077289581e-02
2.672693133354187012e-02
2.824520878493785858e-02
3.010077960789203644e-02
3.034018538892269135e-02
2.853959240019321442e-02
2.665865421295166016e-02
2.697333507239818573e-02
2.842414379119873047e-02
2.891917526721954346e-02
2.817559614777565002e-02
2.696021273732185364e-02
2.637988515198230743e-02
2.707755193114280701e-02
2.778418734669685364e-02
2.765854448080062866e-02
2.710328437387943268e-02
2.643732912838459015e-02
2.635138109326362610e-02
2.684634365141391754e-02
2.711661159992218018e-02
2.702509984374046326e-02
2.666513808071613312e-02
2.626505680382251740e-02
2.627280913293361664e-02
2.651082724332809448e-02
2.664798498153686523e-02
2.664113603532314301e-02
2.641415409743785858e-02
2.618534117937088013e-02
2.618432044982910156e-02
2.627485617995262146e-02
2.637269161641597748e-02
2.640303038060665131e-02
2.627132833003997803e-02
2.614580653607845306e-02
2.609254606068134308e-02
2.609513700008392334e-02
2.616747096180915833e-02
2.619171142578125000e-02
2.615182101726531982e-02
2.610108442604541779e-02
2.603151649236679077e-02
2.600616589188575745e-02
2.602396905422210693e-02
2.603267505764961243e-02
2.603809908032417297e-02
2.602493204176425934e-02
2.598598226904869080e-02
2.596150711178779602e-02
2.593643777072429657e-02
2.592722699046134949e-02
2.593284100294113159e-02
2.593545243144035339e-02
2.594226971268653870e-02
2.593162842094898224e-02
2.590908110141754150e-02
2.588647790253162384e-02
2.586470358073711395e-02
2.584989927709102631e-02
2.584893070161342621e-02
2.584764175117015839e-02
2.584738098084926605e-02
2.584137767553329468e-02
2.582827769219875336e-02
2.581539005041122437e-02
2.579921856522560120e-02
2.578365243971347809e-02
2.577148564159870148e-02
2.576143853366374969e-02
2.575563639402389526e-02
2.575120143592357635e-02
2.574716880917549133e-02
2.574374899268150330e-02
2.573720179498195648e-02
2.572640217840671539e-02
2.571256831288337708e-02
2.569820731878280640e-02
2.568620815873146057e-02
2.567761763930320740e-02
2.567181363701820374e-02
2.566874586045742035e-02
2.566953748464584351e-02
2.567302063107490540e-02
2.567620947957038879e-02
2.567620947957038879e-02
2.566971816122531891e-02
2.565835788846015930e-02
2.563804946839809418e-02
2.561450935900211334e-02
2.559405565261840820e-02
2.558032609522342682e-02
2.557227574288845062e-02
2.556897699832916260e-02
2.556939423084259033e-02
2.557015419006347656e-02
2.556836977601051331e-02
2.556591108441352844e-02
2.556407265365123749e-02
2.556007914245128632e-02
2.555596828460693359e-02
2.554764971137046814e-02
2.553627453744411469e-02
2.552181109786033630e-02
2.550784870982170105e-02
2.549468539655208588e-02
2.548551373183727264e-02
2.547743357717990875e-02
2.547063305974006653e-02
2.546490356326103210e-02
2.545966766774654388e-02
2.545778825879096985e-02
2.545743435621261597e-02
2.545980177819728851e-02
2.546808682382106781e-02
2.547800727188587189e-02
2.549301832914352417e-02
2.550223655998706818e-02
2.551217377185821533e-02
2.551376819610595703e-02
2.550905570387840271e-02
2.549133077263832092e-02
2.547472529113292694e-02
2.545036189258098602e-02
2.542597800493240356e-02
2.540290728211402893e-02
2.537922374904155731e-02
2.535842359066009521e-02
2.534273825585842133e-02
2.533216215670108795e-02
2.533149160444736481e-02
2.533766441047191620e-02
2.535397931933403015e-02
2.537811733782291412e-02
2.541121467947959900e-02
2.545125596225261688e-02
2.549173310399055481e-02
2.553366497159004211e-02
2.558137476444244385e-02
2.562041394412517548e-02
2.565916255116462708e-02
2.568730153143405914e-02
2.571398764848709106e-02
2.573033235967159271e-02
2.575016021728515625e-02
2.575684152543544769e-02
2.577095106244087219e-02
2.575687132775783539e-02
2.575924061238765717e-02
2.574834041297435760e-02
2.575059607625007629e-02
2.574789524078369141e-02
2.576763741672039032e-02
2.579179033637046814e-02
2.585223689675331116e-02
2.591666579246520996e-02
2.602469548583030701e-02
2.613141573965549469e-02
2.631186880171298981e-02
2.648076228797435760e-02
2.675431594252586365e-02
2.698630094528198242e-02
2.736308425664901733e-02
2.767783962190151215e-02
2.821044623851776123e-02
2.861943654716014862e-02
2.933531254529953003e-02
2.984785474836826324e-02
3.078080154955387115e-02
3.140016272664070129e-02
3.251377865672111511e-02
3.318332135677337646e-02
3.442923352122306824e-02
3.507250547409057617e-02
3.640687838196754456e-02
3.688911348581314087e-02
3.815577179193496704e-02
3.842410072684288025e-02
3.947544097900390625e-02
3.932079300284385681e-02
3.994199633598327637e-02
3.920827433466911316e-02
3.901628032326698303e-02
3.749341890215873718e-02
3.632624819874763489e-02
3.410481661558151245e-02
3.237629309296607971e-02
3.039019927382469177e-02
2.888757735490798950e-02
2.751031145453453064e-02
2.658641152083873749e-02
2.586703188717365265e-02
2.540584653615951538e-02
2.511017955839633942e-02
2.495165541768074036e-02
2.489857748150825500e-02
2.492130920290946960e-02
2.500786818563938141e-02
2.516303211450576782e-02
2.539996989071369171e-02
2.577704377472400665e-02
2.633630670607089996e-02
2.709722705185413361e-02
2.818431705236434937e-02
2.941417321562767029e-02
3.117289207875728607e-02
3.303474932909011841e-02
3.592349961400032043e-02
3.866070508956909180e-02
4.313626512885093689e-02
4.760695993900299072e-02
5.490979552268981934e-02
6.172586604952812195e-02
7.232625782489776611e-02
7.831583172082901001e-02
8.822086453437805176e-02
8.669132739305496216e-02
8.704442530870437622e-02
7.193555682897567749e-02
5.847112089395523071e-02
4.114265739917755127e-02
2.984931133687496185e-02
2.524885907769203186e-02
2.721705287694931030e-02
3.345667198300361633e-02
4.048943519592285156e-02
4.743086919188499451e-02
5.108904838562011719e-02
5.295599251985549927e-02
5.093381926417350769e-02
4.739148914813995361e-02
3.947000205516815186e-02
3.279959410429000854e-02
2.752945385873317719e-02
2.510796859860420227e-02
2.516134269535541534e-02
2.708250097930431366e-02
2.991589903831481934e-02
3.261500969529151917e-02
3.498792275786399841e-02
3.528682515025138855e-02
3.479442000389099121e-02
3.255743160843849182e-02
3.022445924580097198e-02
2.775251679122447968e-02
2.595932036638259888e-02
2.495563030242919922e-02
2.469054982066154480e-02
2.500554546713829041e-02
2.571523748338222504e-02
2.662489749491214752e-02
2.745304629206657410e-02
2.820709533989429474e-02
2.856306172907352448e-02
2.890989556908607483e-02
2.882522158324718475e-02
2.883755974471569061e-02
2.848427928984165192e-02
2.823873050510883331e-02
2.774551697075366974e-02
2.735826559364795685e-02
2.680918015539646149e-02
2.641205862164497375e-02
2.593967877328395844e-02
2.557667903602123260e-02
2.523354440927505493e-02
2.499277144670486450e-02
2.481115795671939850e-02
2.469674684107303619e-02
2.461797930300235748e-02
2.456836588680744171e-02
2.454638667404651642e-02
2.454957552254199982e-02
2.456579171121120453e-02
2.460092492401599884e-02
2.465465664863586426e-02
2.476319298148155212e-02
2.495199628174304962e-02
2.526793628931045532e-02
2.573285996913909912e-02
2.647930756211280823e-02
2.743151783943176270e-02
2.889534085988998413e-02
3.055952675640583038e-02
3.318210691213607788e-02
3.590717911720275879e-02
4.016810283064842224e-02
4.404066875576972961e-02
5.045501887798309326e-02
5.707425624132156372e-02
6.728357821702957153e-02
7.344391942024230957e-02
8.386327326297760010e-02
9.206388890743255615e-02
1.012715101242065430e-01
8.642867952585220337e-02
7.470721751451492310e-02
5.199860781431198120e-02
3.589657694101333618e-02
2.631803601980209351e-02
2.628393657505512238e-02
3.378942608833312988e-02
4.270145297050476074e-02
5.209051445126533508e-02
5.365475267171859741e-02
5.291765555739402771e-02
4.711373150348663330e-02
4.032229632139205933e-02
3.158842772245407104e-02
2.604066580533981323e-02
2.456453442573547363e-02
2.656858786940574646e-02
3.067699633538722992e-02
3.450125828385353088e-02
3.762016445398330688e-02
3.848690912127494812e-02
3.781576454639434814e-02
3.401821106672286987e-02
2.986037731170654297e-02
2.622951939702033997e-02
2.448485977947711945e-02
2.475016377866268158e-02
2.634475752711296082e-02
2.844847925007343292e-02
3.013872727751731873e-02
3.130804374814033508e-02
3.123898245394229889e-02
3.056060709059238434e-02
2.892084419727325439e-02
2.732671238481998444e-02
2.575937099754810333e-02
2.468842454254627228e-02
2.424146234989166260e-02
2.436942048370838165e-02
2.486309781670570374e-02
2.550773881375789642e-02
2.621931396424770355e-02
2.673456259071826935e-02
2.715917676687240601e-02
2.717063762247562408e-02
2.712148614227771759e-02
2.675585821270942688e-02
2.646896429359912872e-02
2.605765499174594879e-02
2.573319897055625916e-02
2.537518553435802460e-02
2.512186206877231598e-02
2.487455122172832489e-02
2.470137178897857666e-02
2.453143708407878876e-02
2.438789047300815582e-02
2.427031472325325012e-02
2.418304607272148132e-02
2.412892878055572510e-02
2.409223280847072601e-02
2.406714670360088348e-02
2.405203133821487427e-02
2.404539287090301514e-02
2.404156327247619629e-02
2.403741702437400818e-02
2.403499372303485870e-02
2.403960004448890686e-02
2.405221015214920044e-02
2.407822012901306152e-02
2.412139810621738434e-02
2.420033887028694153e-02
2.431685663759708405e-02
2.450411766767501831e-02
2.481446228921413422e-02
2.526188641786575317e-02
2.597907558083534241e-02
2.699716016650199890e-02
2.858194895088672638e-02
3.065001033246517181e-02
3.386748582124710083e-02
3.868108242750167847e-02
4.596924036741256714e-02
5.459733679890632629e-02
6.801500916481018066e-02
8.496379107236862183e-02
1.094504892826080322e-01
1.138289645314216614e-01
1.254152804613113403e-01
1.172159314155578613e-01
1.096117570996284485e-01
6.990499049425125122e-02
4.315104708075523376e-02
2.613048441708087921e-02
3.025524504482746124e-02
4.661373049020767212e-02
6.037947162985801697e-02
7.510807365179061890e-02
9.964410960674285889e-02
1.190715283155441284e-01
8.703979849815368652e-02
6.554873287677764893e-02
3.405446186661720276e-02
2.711060084402561188e-02
3.945843875408172607e-02
5.386212468147277832e-02
7.544722408056259155e-02
7.789836078882217407e-02
7.369025051593780518e-02
5.366729944944381714e-02
3.337894007563591003e-02
2.640631608664989471e-02
3.194478526711463928e-02
4.324661940336227417e-02
4.855642840266227722e-02
4.449669271707534790e-02
3.502019494771957397e-02
2.678836695849895477e-02
2.481838501989841461e-02
2.936514280736446381e-02
3.372911736369132996e-02
3.537745401263237000e-02
3.237798810005187988e-02
2.775623276829719543e-02
2.482473291456699371e-02
2.453019283711910248e-02
2.719703502953052521e-02
2.927097491919994354e-02
3.055569529533386230e-02
2.972582727670669556e-02
2.747576497495174408e-02
2.553309872746467590e-02
2.412058599293231964e-02
2.434037253260612488e-02
2.498316392302513123e-02
2.615202218294143677e-02
2.673649787902832031e-02
2.662938833236694336e-02
2.600900083780288696e-02
2.491122484207153320e-02
2.426645159721374512e-02
2.383806928992271423e-02
2.404664456844329834e-02
2.439623512327671051e-02
2.478051930665969849e-02
2.506421878933906555e-02
2.497361972928047180e-02
2.480103261768817902e-02
2.437913790345191956e-02
2.407972328364849091e-02
2.383774891495704651e-02
2.375499159097671509e-02
2.379439212381839752e-02
2.386145852506160736e-02
2.400781027972698212e-02
2.412439882755279541e-02
2.424565888941287994e-02
2.427917532622814178e-02
2.428000979125499725e-02
2.421844936907291412e-02
2.414293028414249420e-02
2.405090071260929108e-02
2.393675409257411957e-02
2.384185977280139923e-02
2.375918999314308167e-02
2.370822615921497345e-02
2.367726527154445648e-02
2.366273663938045502e-02
2.367019280791282654e-02
2.368261851370334625e-02
2.372198179364204407e-02
2.376751042902469635e-02
2.382086403667926788e-02
2.388024888932704926e-02
2.394709549844264984e-02
2.402418293058872223e-02
2.407756075263023376e-02
2.413267455995082855e-02
2.415122836828231812e-02
2.418657019734382629e-02
2.415803074836730957e-02
2.415141835808753967e-02
2.409657463431358337e-02
2.405155636370182037e-02
2.397622913122177124e-02
2.391777746379375458e-02
2.384410426020622253e-02
2.379541471600532532e-02
2.375146560370922089e-02
