3.901418685913085938e+00
3.901418209075927734e+00
3.901418447494506836e+00
3.901417732238769531e+00
3.901417970657348633e+00
3.901418209075927734e+00
3.901417970657348633e+00
3.901418209075927734e+00
3.901417493820190430e+00
3.901425123214721680e+00
3.901425361633300781e+00
3.901424646377563477e+00
3.901425838470458984e+00
3.901425838470458984e+00
3.901424884796142578e+00
3.901418209075927734e+00
3.901418209075927734e+00
3.901417970657348633e+00
3.901417493820190430e+00
3.901417970657348633e+00
3.901424407958984375e+00
3.901425123214721680e+00
3.901425123214721680e+00
3.901425123214721680e+00
3.901425361633300781e+00
3.901424884796142578e+00
3.901425838470458984e+00
3.901426076889038086e+00
3.901425361633300781e+00
3.901425123214721680e+00
3.901419162750244141e+00
3.901417493820190430e+00
3.901418209075927734e+00
3.901417255401611328e+00
3.901418209075927734e+00
3.901417732238769531e+00
3.901418209075927734e+00
3.901418447494506836e+00
3.901417732238769531e+00
3.901417732238769531e+00
3.901417255401611328e+00
3.901417732238769531e+00
3.901425600051879883e+00
3.901424407958984375e+00
3.901424407958984375e+00
3.901418924331665039e+00
3.901417732238769531e+00
3.901417970657348633e+00
3.901417732238769531e+00
3.901417255401611328e+00
3.901417970657348633e+00
3.901417255401611328e+00
3.901417970657348633e+00
3.901425123214721680e+00
3.901425123214721680e+00
3.901424169540405273e+00
3.901425361633300781e+00
3.901425123214721680e+00
3.901425361633300781e+00
3.901424646377563477e+00
3.901419162750244141e+00
3.901418209075927734e+00
3.901417732238769531e+00
3.901417732238769531e+00
3.901417970657348633e+00
3.901417493820190430e+00
3.901417970657348633e+00
3.901424407958984375e+00
3.901425600051879883e+00
3.901425838470458984e+00
3.901425838470458984e+00
3.901425123214721680e+00
3.901425361633300781e+00
3.901425361633300781e+00
3.901425838470458984e+00
3.901417493820190430e+00
3.901418209075927734e+00
3.901418447494506836e+00
3.901417732238769531e+00
3.901418685913085938e+00
3.901417493820190430e+00
3.901417970657348633e+00
3.901418685913085938e+00
3.901417970657348633e+00
3.901417493820190430e+00
3.901425600051879883e+00
3.901425123214721680e+00
3.901425123214721680e+00
3.901425123214721680e+00
3.901425123214721680e+00
3.901419639587402344e+00
3.901418924331665039e+00
3.901417255401611328e+00
3.901418209075927734e+00
3.901417493820190430e+00
3.901418209075927734e+00
3.901418209075927734e+00
3.901417732238769531e+00
3.901424646377563477e+00
3.901425600051879883e+00
3.901426076889038086e+00
3.901425838470458984e+00
3.901425123214721680e+00
3.901424884796142578e+00
3.901424646377563477e+00
3.901418209075927734e+00
3.901418209075927734e+00
3.901417970657348633e+00
3.901417732238769531e+00
3.901418209075927734e+00
3.901418447494506836e+00
3.901418924331665039e+00
3.901424646377563477e+00
3.901424884796142578e+00
3.901425123214721680e+00
3.901425838470458984e+00
3.901425600051879883e+00
3.901424407958984375e+00
3.901424169540405273e+00
3.901424407958984375e+00
3.901419162750244141e+00
3.901418209075927734e+00
3.901418685913085938e+00
3.901418447494506836e+00
3.901417732238769531e+00
3.901418209075927734e+00
3.901417732238769531e+00
3.901418447494506836e+00
3.901418209075927734e+00
3.901418924331665039e+00
3.901418685913085938e+00
3.901417732238769531e+00
3.901424407958984375e+00
3.901424646377563477e+00
3.901424884796142578e+00
3.901418685913085938e+00
3.901418447494506836e+00
3.901418685913085938e+00
3.901419162750244141e+00
3.901418209075927734e+00
3.901418209075927734e+00
3.901417493820190430e+00
3.901418209075927734e+00
3.901417732238769531e+00
3.901417255401611328e+00
3.901418685913085938e+00
3.901419162750244141e+00
3.901418447494506836e+00
3.901425123214721680e+00
3.901423454284667969e+00
3.901418447494506836e+00
3.901418447494506836e+00
3.901418685913085938e+00
3.901419162750244141e+00
3.901418685913085938e+00
3.901418685913085938e+00
3.901418685913085938e+00
3.901418685913085938e+00
3.901417732238769531e+00
3.901417732238769531e+00
3.901418447494506836e+00
3.901418209075927734e+00
3.901418209075927734e+00
3.901417493820190430e+00
3.901418685913085938e+00
3.901418447494506836e+00
3.901418209075927734e+00
3.901419162750244141e+00
3.901418924331665039e+00
3.901419401168823242e+00
3.901419162750244141e+00
3.901418209075927734e+00
3.901418209075927734e+00
3.901418685913085938e+00
3.901417970657348633e+00
3.901418685913085938e+00
3.901422977447509766e+00
3.901422500610351562e+00
3.901422500610351562e+00
3.901423215866088867e+00
3.901419639587402344e+00
3.901420116424560547e+00
3.901418924331665039e+00
3.901418447494506836e+00
3.901418447494506836e+00
3.901418447494506836e+00
3.901418209075927734e+00
3.901418685913085938e+00
3.901419162750244141e+00
3.901419162750244141e+00
3.901422977447509766e+00
3.901423215866088867e+00
3.901422977447509766e+00
3.901422977447509766e+00
3.901422500610351562e+00
3.901420593261718750e+00
3.901420116424560547e+00
3.901420116424560547e+00
3.901418924331665039e+00
3.901420116424560547e+00
3.901421070098876953e+00
3.901420116424560547e+00
3.901419162750244141e+00
3.901418685913085938e+00
3.901418447494506836e+00
3.901418685913085938e+00
3.901422023773193359e+00
3.901421785354614258e+00
3.901422023773193359e+00
3.901422500610351562e+00
3.901420354843139648e+00
3.901420593261718750e+00
3.901420116424560547e+00
3.901420116424560547e+00
3.901420593261718750e+00
3.901420593261718750e+00
3.901420354843139648e+00
3.901420354843139648e+00
3.901420116424560547e+00
3.901420116424560547e+00
3.901420354843139648e+00
3.901420116424560547e+00
3.901420116424560547e+00
3.901419639587402344e+00
3.901419401168823242e+00
3.901421785354614258e+00
3.901422262191772461e+00
3.901421785354614258e+00
3.901422262191772461e+00
3.901420593261718750e+00
3.901421308517456055e+00
3.901421308517456055e+00
3.901420116424560547e+00
3.901421308517456055e+00
3.901420354843139648e+00
3.901420593261718750e+00
3.901420116424560547e+00
3.901420116424560547e+00
3.901419162750244141e+00
3.901418924331665039e+00
3.901420593261718750e+00
3.901420593261718750e+00
3.901421546936035156e+00
3.901420593261718750e+00
3.901422023773193359e+00
3.901421546936035156e+00
3.901421785354614258e+00
3.901422977447509766e+00
3.901422023773193359e+00
3.901421785354614258e+00
3.901421546936035156e+00
3.901421308517456055e+00
3.901420593261718750e+00
3.901420116424560547e+00
3.901419639587402344e+00
3.901422023773193359e+00
3.901421308517456055e+00
3.901421785354614258e+00
3.901422023773193359e+00
3.901421546936035156e+00
3.901421546936035156e+00
3.901421546936035156e+00
3.901420831680297852e+00
3.901420593261718750e+00
3.901421546936035156e+00
3.901421308517456055e+00
3.901421785354614258e+00
3.901422500610351562e+00
3.901421546936035156e+00
3.901421308517456055e+00
3.901423454284667969e+00
3.901422977447509766e+00
3.901422500610351562e+00
3.901422262191772461e+00
3.901422500610351562e+00
3.901421785354614258e+00
3.901421785354614258e+00
3.901420593261718750e+00
3.901421308517456055e+00
3.901421546936035156e+00
3.901421785354614258e+00
3.901421785354614258e+00
3.901421546936035156e+00
3.901421785354614258e+00
3.901421308517456055e+00
3.901423215866088867e+00
3.901422500610351562e+00
3.901421785354614258e+00
3.901422977447509766e+00
3.901422977447509766e+00
3.901422500610351562e+00
3.901421785354614258e+00
3.901422977447509766e+00
3.901422977447509766e+00
3.901422977447509766e+00
3.901422500610351562e+00
3.901422500610351562e+00
3.901422977447509766e+00
3.901422977447509766e+00
3.901422977447509766e+00
3.901422500610351562e+00
3.901422977447509766e+00
3.901422262191772461e+00
3.901422500610351562e+00
3.901422977447509766e+00
3.901421785354614258e+00
3.901421546936035156e+00
3.901422500610351562e+00
3.901421785354614258e+00
3.901422977447509766e+00
3.901422262191772461e+00
3.901422500610351562e+00
3.901422977447509766e+00
3.901423215866088867e+00
3.901422977447509766e+00
3.901422977447509766e+00
3.901422977447509766e+00
3.901423454284667969e+00
3.901422977447509766e+00
3.901422500610351562e+00
3.901423215866088867e+00
3.901421785354614258e+00
3.901422977447509766e+00
3.901422977447509766e+00
3.901422262191772461e+00
3.901422500610351562e+00
3.901421785354614258e+00
3.901422023773193359e+00
3.901422500610351562e+00
3.901422500610351562e+00
3.901422977447509766e+00
3.901424169540405273e+00
3.901422500610351562e+00
3.901423215866088867e+00
3.901423454284667969e+00
3.901422977447509766e+00
3.901422500610351562e+00
3.901422500610351562e+00
3.901422977447509766e+00
3.901422023773193359e+00
3.901422977447509766e+00
3.901422262191772461e+00
3.901423692703247070e+00
3.901422977447509766e+00
3.901422500610351562e+00
3.901422262191772461e+00
3.901422977447509766e+00
3.901422977447509766e+00
3.901422977447509766e+00
3.901422977447509766e+00
3.901422500610351562e+00
3.901423692703247070e+00
3.901423454284667969e+00
3.901423454284667969e+00
3.901422977447509766e+00
3.901423215866088867e+00
3.901422977447509766e+00
3.901422977447509766e+00
3.901422977447509766e+00
3.901422977447509766e+00
3.901422023773193359e+00
3.901423215866088867e+00
3.901423454284667969e+00
3.901422023773193359e+00
3.901422977447509766e+00
3.901422500610351562e+00
3.901422500610351562e+00
3.901422500610351562e+00
3.901422500610351562e+00
3.901423215866088867e+00
3.901423454284667969e+00
3.901423454284667969e+00
3.901422977447509766e+00
3.901422977447509766e+00
3.901422977447509766e+00
3.901423215866088867e+00
3.901422500610351562e+00
3.901423454284667969e+00
3.901422500610351562e+00
3.901422023773193359e+00
3.901422977447509766e+00
3.901422023773193359e+00
3.901422500610351562e+00
3.901423454284667969e+00
3.901422977447509766e+00
3.901422977447509766e+00
3.901422500610351562e+00
3.901422500610351562e+00
3.901422500610351562e+00
3.901422500610351562e+00
3.901422977447509766e+00
3.901423454284667969e+00
3.901422977447509766e+00
3.901422977447509766e+00
3.901422500610351562e+00
3.901424407958984375e+00
3.901423454284667969e+00
3.901423215866088867e+00
3.901422977447509766e+00
3.901422977447509766e+00
3.901422262191772461e+00
3.901422977447509766e+00
3.901422500610351562e+00
3.901422500610351562e+00
3.901422500610351562e+00
3.901421785354614258e+00
3.901422500610351562e+00
3.901422977447509766e+00
3.901424407958984375e+00
3.901423454284667969e+00
3.901424169540405273e+00
3.901423454284667969e+00
3.901424169540405273e+00
3.901423454284667969e+00
3.901423692703247070e+00
3.901424407958984375e+00
3.901424169540405273e+00
3.901424407958984375e+00
3.901422977447509766e+00
3.901423454284667969e+00
3.901422500610351562e+00
3.901421546936035156e+00
3.901421546936035156e+00
3.901422977447509766e+00
3.901422262191772461e+00
3.901422023773193359e+00
3.901423215866088867e+00
3.901422977447509766e+00
3.901422977447509766e+00
3.901422023773193359e+00
3.901421785354614258e+00
3.901422977447509766e+00
3.901422977447509766e+00
3.901422977447509766e+00
3.901423215866088867e+00
3.901421785354614258e+00
3.901421546936035156e+00
3.901422500610351562e+00
3.901421785354614258e+00
3.901422977447509766e+00
3.901422977447509766e+00
3.901422977447509766e+00
3.901422500610351562e+00
3.901421785354614258e+00
3.901422500610351562e+00
3.901421785354614258e+00
3.901421785354614258e+00
3.901422500610351562e+00
3.901423454284667969e+00
3.901422500610351562e+00
3.901421546936035156e+00
3.901422500610351562e+00
3.901422262191772461e+00
3.901422023773193359e+00
3.901422262191772461e+00
3.901422262191772461e+00
3.901422500610351562e+00
3.901422977447509766e+00
3.901422500610351562e+00
3.901421785354614258e+00
3.901421308517456055e+00
3.901422977447509766e+00
3.901421308517456055e+00
3.901421546936035156e+00
3.901422023773193359e+00
3.901421308517456055e+00
3.901422262191772461e+00
3.901422500610351562e+00
3.901422977447509766e+00
3.901422977447509766e+00
3.901422023773193359e+00
3.901422262191772461e+00
3.901422500610351562e+00
3.901421785354614258e+00
3.901421785354614258e+00
3.901422977447509766e+00
3.901422977447509766e+00
3.901421546936035156e+00
3.901421308517456055e+00
3.901421308517456055e+00
3.901421785354614258e+00
3.901422500610351562e+00
3.901422023773193359e+00
3.901422023773193359e+00
3.901422977447509766e+00
3.901422500610351562e+00
3.901422500610351562e+00
3.901422262191772461e+00
3.901421546936035156e+00
3.901421785354614258e+00
3.901422500610351562e+00
3.901422023773193359e+00
3.901423215866088867e+00
3.901421308517456055e+00
3.901421785354614258e+00
3.901421785354614258e+00
3.901422500610351562e+00
3.901422500610351562e+00
3.901422262191772461e+00
3.901422977447509766e+00
3.901422977447509766e+00
3.901421785354614258e+00
3.901422977447509766e+00
3.901422023773193359e+00
3.901422500610351562e+00
3.901422500610351562e+00
3.901422977447509766e+00
3.901422977447509766e+00
3.901422023773193359e+00
3.901422500610351562e+00
3.901422500610351562e+00
3.901422023773193359e+00
3.901421785354614258e+00
3.901422500610351562e+00
3.901422977447509766e+00
3.901422500610351562e+00
3.901422023773193359e+00
3.901423215866088867e+00
3.901422977447509766e+00
3.901422023773193359e+00
3.901422977447509766e+00
3.901422500610351562e+00
3.901422262191772461e+00
3.901422977447509766e+00
3.901422262191772461e+00
3.901422977447509766e+00
3.901421785354614258e+00
3.901421308517456055e+00
3.901421785354614258e+00
3.901422977447509766e+00
3.901422023773193359e+00
3.901421308517456055e+00
3.901422023773193359e+00
3.901421785354614258e+00
3.901422500610351562e+00
3.901421785354614258e+00
3.901422262191772461e+00
3.901422262191772461e+00
3.901422500610351562e+00
3.901421785354614258e+00
3.901421785354614258e+00
3.901422262191772461e+00
3.901421308517456055e+00
3.901422977447509766e+00
3.901421785354614258e+00
3.901421546936035156e+00
3.901422262191772461e+00
3.901422500610351562e+00
3.901422500610351562e+00
3.901422023773193359e+00
3.901422977447509766e+00
3.901422500610351562e+00
3.901422500610351562e+00
3.901421785354614258e+00
3.901422262191772461e+00
3.901422023773193359e+00
3.901422500610351562e+00
3.901421785354614258e+00
3.901422977447509766e+00
3.901422023773193359e+00
3.901421785354614258e+00
3.901420593261718750e+00
3.901421785354614258e+00
3.901421785354614258e+00
3.901422262191772461e+00
3.901421785354614258e+00
3.901422500610351562e+00
3.901421546936035156e+00
3.901422500610351562e+00
3.901422500610351562e+00
3.901421546936035156e+00
3.901421546936035156e+00
3.901421546936035156e+00
3.901421785354614258e+00
3.901422023773193359e+00
3.901422262191772461e+00
3.901421308517456055e+00
3.901421785354614258e+00
3.901422500610351562e+00
3.901421546936035156e+00
3.901422023773193359e+00
3.901421546936035156e+00
3.901422262191772461e+00
3.901421546936035156e+00
3.901421785354614258e+00
3.901421546936035156e+00
3.901421308517456055e+00
3.901421785354614258e+00
3.901422977447509766e+00
3.901421785354614258e+00
3.901422023773193359e+00
3.901422023773193359e+00
3.901421785354614258e+00
3.901421546936035156e+00
3.901422500610351562e+00
3.901420593261718750e+00
3.901422500610351562e+00
3.901422500610351562e+00
3.901421785354614258e+00
3.901421785354614258e+00
3.901421308517456055e+00
3.901421546936035156e+00
3.901421308517456055e+00
3.901421546936035156e+00
3.901422023773193359e+00
3.901422500610351562e+00
3.901422262191772461e+00
3.901421785354614258e+00
3.901421785354614258e+00
3.901421546936035156e+00
3.901421785354614258e+00
3.901421785354614258e+00
3.901422262191772461e+00
3.901421785354614258e+00
3.901421546936035156e+00
3.901421546936035156e+00
3.901421308517456055e+00
3.901421546936035156e+00
3.901421546936035156e+00
3.901421308517456055e+00
3.901421308517456055e+00
3.901422500610351562e+00
3.901422262191772461e+00
3.901421308517456055e+00
3.901421546936035156e+00
3.901422023773193359e+00
3.901421785354614258e+00
3.901421308517456055e+00
3.901421546936035156e+00
3.901421308517456055e+00
3.901421308517456055e+00
3.901421308517456055e+00
3.901421785354614258e+00
3.901421546936035156e+00
3.901420593261718750e+00
3.901421785354614258e+00
3.901422023773193359e+00
3.901421785354614258e+00
3.901421785354614258e+00
3.901421308517456055e+00
3.901421308517456055e+00
3.901421785354614258e+00
3.901421546936035156e+00
3.901420593261718750e+00
3.901421785354614258e+00
3.901421785354614258e+00
3.901421785354614258e+00
3.901421546936035156e+00
3.901421546936035156e+00
3.901421308517456055e+00
3.901420354843139648e+00
3.901421070098876953e+00
3.901421070098876953e+00
3.901421785354614258e+00
3.901420593261718750e+00
3.901421546936035156e+00
3.901421546936035156e+00
3.901421546936035156e+00
3.901420593261718750e+00
3.901421308517456055e+00
3.901420831680297852e+00
3.901422262191772461e+00
3.901421785354614258e+00
3.901421546936035156e+00
3.901420831680297852e+00
3.901421546936035156e+00
3.901421546936035156e+00
3.901420593261718750e+00
3.901421546936035156e+00
3.901421546936035156e+00
3.901421546936035156e+00
3.901420593261718750e+00
3.901421308517456055e+00
3.901420593261718750e+00
3.901421785354614258e+00
3.901420593261718750e+00
3.901421308517456055e+00
3.901422023773193359e+00
3.901421546936035156e+00
3.901420593261718750e+00
3.901421546936035156e+00
3.901421308517456055e+00
3.901421308517456055e+00
3.901421546936035156e+00
3.901420831680297852e+00
3.901421308517456055e+00
3.901421546936035156e+00
3.901421546936035156e+00
3.901420831680297852e+00
3.901421785354614258e+00
3.901421546936035156e+00
3.901421546936035156e+00
3.901421546936035156e+00
3.901421785354614258e+00
3.901422500610351562e+00
3.901422500610351562e+00
3.901422023773193359e+00
3.901422500610351562e+00
3.901421308517456055e+00
3.901422500610351562e+00
3.901422262191772461e+00
3.901421546936035156e+00
3.901420593261718750e+00
3.901420593261718750e+00
3.901421546936035156e+00
3.901421785354614258e+00
3.901421546936035156e+00
3.901421308517456055e+00
3.901421546936035156e+00
3.901421308517456055e+00
3.901421308517456055e+00
3.901421308517456055e+00
3.901420593261718750e+00
3.901421546936035156e+00
3.901420593261718750e+00
3.901421546936035156e+00
3.901421785354614258e+00
3.901421546936035156e+00
3.901421546936035156e+00
3.901421546936035156e+00
3.901421308517456055e+00
3.901420831680297852e+00
3.901421308517456055e+00
3.901420593261718750e+00
3.901421546936035156e+00
3.901421785354614258e+00
3.901421308517456055e+00
3.901421308517456055e+00
3.901421546936035156e+00
3.901421546936035156e+00
3.901420831680297852e+00
3.901421785354614258e+00
3.901421546936035156e+00
3.901421785354614258e+00
3.901422977447509766e+00
3.901421785354614258e+00
3.901421308517456055e+00
3.901421308517456055e+00
3.901421785354614258e+00
3.901421308517456055e+00
3.901421546936035156e+00
3.901421785354614258e+00
3.901421308517456055e+00
3.901421308517456055e+00
3.901421308517456055e+00
3.901422023773193359e+00
3.901421308517456055e+00
3.901421546936035156e+00
3.901421546936035156e+00
3.901421546936035156e+00
3.901421785354614258e+00
3.901421546936035156e+00
3.901422500610351562e+00
3.901422262191772461e+00
3.901421308517456055e+00
3.901421308517456055e+00
3.901421546936035156e+00
3.901421785354614258e+00
3.901421308517456055e+00
3.901420593261718750e+00
3.901421308517456055e+00
3.901420831680297852e+00
3.901421785354614258e+00
3.901421308517456055e+00
3.901421546936035156e+00
3.901421546936035156e+00
3.901421546936035156e+00
3.901421546936035156e+00
3.901421546936035156e+00
3.901421546936035156e+00
3.901421308517456055e+00
3.901421785354614258e+00
3.901421785354614258e+00
3.901421785354614258e+00
3.901421308517456055e+00
3.901422500610351562e+00
3.901421308517456055e+00
3.901421308517456055e+00
3.901421546936035156e+00
3.901421308517456055e+00
3.901422500610351562e+00
3.901421308517456055e+00
3.901421308517456055e+00
3.901421546936035156e+00
3.901420593261718750e+00
3.901421546936035156e+00
3.901421308517456055e+00
3.901421308517456055e+00
3.901421546936035156e+00
3.901421070098876953e+00
3.901421546936035156e+00
3.901421785354614258e+00
3.901421546936035156e+00
3.901421546936035156e+00
3.901421308517456055e+00
3.901421546936035156e+00
3.901421308517456055e+00
3.901422023773193359e+00
3.901422023773193359e+00
3.901421546936035156e+00
3.901422023773193359e+00
3.901421308517456055e+00
3.901422262191772461e+00
3.901421546936035156e+00
3.901421785354614258e+00
3.901420593261718750e+00
3.901421546936035156e+00
3.901421785354614258e+00
3.901421546936035156e+00
3.901421308517456055e+00
3.901421308517456055e+00
3.901421308517456055e+00
3.901421785354614258e+00
3.901420593261718750e+00
3.901420593261718750e+00
3.901421308517456055e+00
3.901421546936035156e+00
3.901420354843139648e+00
3.901421308517456055e+00
3.901421546936035156e+00
3.901421546936035156e+00
3.901421308517456055e+00
3.901420593261718750e+00
3.901421308517456055e+00
3.901421546936035156e+00
3.901421308517456055e+00
3.901421546936035156e+00
3.901422023773193359e+00
3.901421308517456055e+00
3.901421785354614258e+00
3.901421308517456055e+00
3.901421308517456055e+00
3.901420831680297852e+00
3.901421308517456055e+00
3.901421785354614258e+00
3.901421546936035156e+00
3.901421546936035156e+00
3.901421785354614258e+00
3.901421785354614258e+00
3.901421785354614258e+00
3.901420593261718750e+00
3.901421785354614258e+00
3.901420593261718750e+00
3.901421308517456055e+00
3.901421308517456055e+00
3.901420354843139648e+00
3.901421546936035156e+00
3.901420593261718750e+00
3.901420593261718750e+00
3.901421546936035156e+00
3.901421308517456055e+00
3.901420593261718750e+00
3.901421308517456055e+00
3.901421308517456055e+00
3.901421070098876953e+00
3.901421070098876953e+00
3.901421308517456055e+00
3.901421070098876953e+00
3.901421546936035156e+00
3.901421070098876953e+00
3.901421785354614258e+00
3.901421546936035156e+00
3.901421308517456055e+00
3.901420593261718750e+00
3.901421546936035156e+00
3.901421308517456055e+00
3.901422023773193359e+00
3.901421308517456055e+00
3.901421308517456055e+00
3.901421308517456055e+00
3.901421785354614258e+00
3.901421308517456055e+00
3.901421070098876953e+00
3.901422262191772461e+00
3.901421308517456055e+00
3.901421308517456055e+00
3.901421785354614258e+00
3.901421546936035156e+00
3.901421308517456055e+00
3.901421546936035156e+00
3.901421070098876953e+00
3.901420593261718750e+00
3.901421785354614258e+00
3.901421785354614258e+00
3.901421308517456055e+00
3.901421785354614258e+00
3.901421546936035156e+00
3.901421785354614258e+00
3.901421546936035156e+00
3.901421308517456055e+00
3.901420593261718750e+00
3.901421785354614258e+00
3.901421308517456055e+00
3.901421308517456055e+00
3.901421308517456055e+00
3.901421308517456055e+00
3.901421308517456055e+00
3.901421785354614258e+00
3.901420593261718750e+00
3.901421546936035156e+00
3.901420831680297852e+00
3.901421546936035156e+00
3.901421546936035156e+00
3.901421546936035156e+00
3.901421785354614258e+00
3.901422262191772461e+00
3.901421546936035156e+00
3.901421070098876953e+00
3.901421308517456055e+00
3.901421308517456055e+00
3.901420593261718750e+00
3.901422023773193359e+00
3.901420593261718750e+00
3.901421546936035156e+00
3.901420354843139648e+00
3.901421785354614258e+00
3.901422023773193359e+00
3.901422023773193359e+00
3.901421546936035156e+00
3.901421070098876953e+00
3.901420593261718750e+00
3.901421308517456055e+00
3.901421070098876953e+00
3.901421308517456055e+00
3.901421546936035156e+00
3.901421785354614258e+00
3.901421785354614258e+00
3.901420593261718750e+00
3.901421308517456055e+00
3.901421308517456055e+00
3.901421546936035156e+00
3.901421785354614258e+00
3.901421308517456055e+00
3.901421546936035156e+00
3.901421546936035156e+00
3.901421785354614258e+00
3.901421785354614258e+00
3.901421546936035156e+00
3.901421308517456055e+00
3.901421308517456055e+00
3.901420593261718750e+00
3.901421785354614258e+00
3.901421546936035156e+00
3.901421308517456055e+00
3.901420831680297852e+00
3.901421308517456055e+00
3.901422023773193359e+00
3.901421546936035156e+00
3.901421546936035156e+00
3.901421546936035156e+00
3.901421308517456055e+00
3.901422500610351562e+00
3.901420593261718750e+00
3.901422262191772461e+00
3.901422500610351562e+00
3.901421308517456055e+00
3.901421785354614258e+00
3.901421546936035156e+00
3.901420831680297852e+00
3.901421546936035156e+00
3.901421785354614258e+00
3.901422023773193359e+00
3.901421546936035156e+00
3.901421785354614258e+00
3.901421785354614258e+00
3.901421785354614258e+00
3.901421308517456055e+00
3.901421785354614258e+00
3.901421308517456055e+00
3.901421546936035156e+00
3.901421308517456055e+00
3.901422023773193359e+00
3.901421785354614258e+00
3.901421785354614258e+00
3.901421546936035156e+00
3.901421785354614258e+00
3.901421546936035156e+00
3.901422500610351562e+00
3.901421308517456055e+00
3.901421546936035156e+00
3.901421308517456055e+00
3.901421546936035156e+00
3.901422500610351562e+00
3.901422023773193359e+00
3.901421308517456055e+00
3.901421785354614258e+00
3.901421308517456055e+00
3.901422023773193359e+00
3.901422023773193359e+00
3.901421308517456055e+00
3.901421546936035156e+00
3.901421785354614258e+00
3.901421546936035156e+00
3.901421546936035156e+00
3.901420593261718750e+00
3.901421546936035156e+00
3.901421785354614258e+00
3.901421546936035156e+00
3.901421546936035156e+00
3.901421546936035156e+00
3.901421546936035156e+00
3.901421308517456055e+00
3.901421308517456055e+00
3.901421308517456055e+00
3.901421546936035156e+00
3.901421546936035156e+00
3.901421308517456055e+00
3.901421308517456055e+00
3.901421546936035156e+00
3.901422262191772461e+00
3.901421308517456055e+00
3.901421308517456055e+00
3.901421308517456055e+00
3.901421546936035156e+00
3.901421546936035156e+00
3.901421308517456055e+00
3.901422500610351562e+00
3.901421308517456055e+00
3.901421070098876953e+00
3.901420593261718750e+00
3.901421546936035156e+00
3.901422500610351562e+00
3.901421308517456055e+00
3.901421785354614258e+00
3.901421546936035156e+00
3.901421546936035156e+00
3.901420116424560547e+00
3.901422262191772461e+00
3.901421308517456055e+00
3.901422023773193359e+00
3.901421308517456055e+00
3.901421785354614258e+00
3.901420116424560547e+00
3.901421785354614258e+00
3.901421308517456055e+00
3.901421785354614258e+00
3.901421785354614258e+00
3.901421308517456055e+00
3.901421308517456055e+00
3.901421308517456055e+00
3.901421546936035156e+00
3.901421308517456055e+00
3.901421546936035156e+00
3.901421785354614258e+00
3.901420593261718750e+00
3.901421308517456055e+00
3.901422023773193359e+00
3.901421785354614258e+00
3.901421546936035156e+00
3.901420593261718750e+00
3.901421785354614258e+00
3.901422023773193359e+00
3.901421546936035156e+00
3.901421785354614258e+00
3.901421546936035156e+00
3.901420593261718750e+00
3.901421308517456055e+00
3.901421546936035156e+00
3.901421308517456055e+00
3.901421308517456055e+00
3.901421785354614258e+00
3.901421308517456055e+00
3.901420593261718750e+00
3.901421308517456055e+00
3.901421308517456055e+00
3.901422262191772461e+00
3.901420831680297852e+00
3.901421546936035156e+00
3.901421785354614258e+00
3.901421546936035156e+00
3.901421546936035156e+00
3.901421785354614258e+00
3.901421546936035156e+00
3.901421308517456055e+00
3.901421308517456055e+00
3.901421546936035156e+00
3.901421308517456055e+00
3.901420593261718750e+00
3.901421546936035156e+00
3.901421546936035156e+00
3.901421546936035156e+00
3.901422262191772461e+00
3.901421785354614258e+00
3.901421546936035156e+00
3.901421785354614258e+00
3.901421785354614258e+00
3.901421308517456055e+00
3.901421308517456055e+00
3.901421308517456055e+00
3.901420593261718750e+00
3.901420593261718750e+00
3.901422977447509766e+00
3.901421546936035156e+00
3.901421546936035156e+00
3.901421785354614258e+00
3.901421785354614258e+00
3.901422023773193359e+00
3.901422500610351562e+00
3.901421308517456055e+00
3.901420116424560547e+00
3.901421785354614258e+00
3.901421546936035156e+00
3.901421308517456055e+00
3.901421785354614258e+00
3.901421308517456055e+00
3.901422262191772461e+00
3.901421546936035156e+00
3.901421546936035156e+00
3.901420593261718750e+00
3.901421308517456055e+00
3.901422500610351562e+00
3.901422500610351562e+00
3.901422023773193359e+00
3.901421546936035156e+00
3.901421546936035156e+00
3.901421785354614258e+00
3.901421546936035156e+00
3.901422023773193359e+00
3.901421785354614258e+00
3.901421308517456055e+00
3.901420593261718750e+00
3.901420593261718750e+00
3.901421308517456055e+00
3.901421546936035156e+00
3.901421785354614258e+00
3.901421308517456055e+00
3.901422023773193359e+00
3.901421546936035156e+00
3.901422262191772461e+00
3.901421785354614258e+00
3.901421546936035156e+00
3.901421546936035156e+00
3.901423454284667969e+00
3.901421785354614258e+00
3.901422262191772461e+00
3.901421546936035156e+00
3.901421546936035156e+00
3.901421546936035156e+00
3.901422023773193359e+00
3.901420831680297852e+00
3.901422023773193359e+00
3.901421785354614258e+00
3.901421546936035156e+00
3.901420354843139648e+00
3.901422023773193359e+00
3.901421308517456055e+00
3.901422500610351562e+00
3.901421546936035156e+00
3.901422500610351562e+00
3.901421546936035156e+00
3.901422500610351562e+00
3.901423215866088867e+00
3.901422023773193359e+00
3.901422023773193359e+00
3.901421546936035156e+00
3.901422977447509766e+00
3.901421785354614258e+00
3.901421546936035156e+00
3.901420593261718750e+00
3.901421546936035156e+00
3.901420593261718750e+00
3.901420354843139648e+00
3.901420593261718750e+00
3.901421785354614258e+00
3.901421546936035156e+00
3.901421785354614258e+00
3.901421785354614258e+00
3.901422500610351562e+00
3.901421308517456055e+00
3.901422262191772461e+00
