1.506666666666666599e+00
1.599999999999999867e+00
1.579999999999999849e+00
1.564285714285714279e+00
1.514999999999999902e+00
1.507142857142856895e+00
1.581428571428571406e+00
1.521666666666666501e+00
1.591666666666666785e+00
1.553333333333333455e+00
1.660000000000000142e+00
1.681666666666666643e+00
1.689999999999999725e+00
1.621428571428571441e+00
1.673333333333333561e+00
1.649999999999999689e+00
1.666666666666666741e+00
1.600000000000000311e+00
1.683333333333333348e+00
1.676666666666666528e+00
1.791666666666666963e+00
1.748333333333333295e+00
1.730000000000000204e+00
1.785000000000000142e+00
1.731666666666666687e+00
1.705000000000000071e+00
1.755714285714285561e+00
1.701666666666666883e+00
1.751666666666666705e+00
1.778333333333333544e+00
1.854999999999999760e+00
1.822857142857142732e+00
1.871666666666666812e+00
1.838571428571428523e+00
1.814999999999999725e+00
1.806666666666666643e+00
1.824285714285714288e+00
1.839999999999999858e+00
1.875000000000000000e+00
1.821666666666666989e+00
1.949999999999999956e+00
1.998333333333333073e+00
1.911666666666666403e+00
1.985000000000000098e+00
1.998571428571428665e+00
1.999999999999999778e+00
1.911666666666666403e+00
1.901666666666666616e+00
1.905000000000000027e+00
1.908333333333333215e+00
2.058333333333333126e+00
2.037142857142856922e+00
2.088333333333332931e+00
2.066666666666666874e+00
2.045000000000000373e+00
2.060000000000000053e+00
2.028333333333332877e+00
2.043333333333333002e+00
2.011666666666666714e+00
2.052857142857142492e+00
2.191666666666666874e+00
2.156666666666666732e+00
2.158333333333333215e+00
2.138571428571428346e+00
2.183333333333333570e+00
2.161666666666666625e+00
2.127142857142857224e+00
2.114999999999999769e+00
2.131666666666666377e+00
2.175000000000000266e+00
2.265000000000000124e+00
2.245714285714285996e+00
2.294999999999999929e+00
2.250000000000000444e+00
2.234285714285714430e+00
2.298333333333333339e+00
2.211666666666666448e+00
2.271666666666666945e+00
2.281666666666666732e+00
2.218333333333333268e+00
2.381666666666666821e+00
2.318333333333333357e+00
2.339999999999999858e+00
2.388333333333333197e+00
2.310000000000000497e+00
2.338333333333333375e+00
2.339999999999999858e+00
2.358571428571428097e+00
2.395000000000000018e+00
2.308333333333333126e+00
2.495714285714285552e+00
2.484999999999999876e+00
2.487142857142857100e+00
2.485714285714286209e+00
2.424999999999999822e+00
2.454285714285714182e+00
2.426666666666666305e+00
2.410000000000000142e+00
2.411666666666666625e+00
2.463333333333333375e+00
2.574999999999999734e+00
2.581666666666666554e+00
2.566666666666666430e+00
2.573333333333333250e+00
2.556666666666666643e+00
2.561428571428571388e+00
2.534999999999999698e+00
2.514285714285714679e+00
2.501666666666666483e+00
2.596666666666666679e+00
2.689999999999999947e+00
2.691428571428571725e+00
2.666666666666666519e+00
2.674999999999999378e+00
2.659999999999999698e+00
2.635000000000000231e+00
2.655714285714285694e+00
2.658571428571428363e+00
2.680000000000000160e+00
2.619999999999999662e+00
2.714999999999999858e+00
2.761666666666666714e+00
2.753333333333333410e+00
2.770000000000000018e+00
2.725000000000000089e+00
2.727142857142857313e+00
2.739999999999999769e+00
2.781666666666666288e+00
2.748571428571428665e+00
2.705000000000000071e+00
2.850000000000000089e+00
2.893333333333333091e+00
2.811666666666666980e+00
2.898333333333333428e+00
2.809999999999999609e+00
2.869999999999999662e+00
2.818571428571428061e+00
2.801666666666666305e+00
2.808571428571428719e+00
2.810000000000000053e+00
2.993333333333333623e+00
2.985999999999999766e+00
2.985000000000000764e+00
2.981428571428570873e+00
3.000000000000000000e+00
2.991666666666666696e+00
2.966666666666666785e+00
2.940000000000000391e+00
2.985714285714286209e+00
2.919999999999999929e+00
3.068333333333333357e+00
3.083333333333333481e+00
3.066666666666666874e+00
3.010000000000000231e+00
3.074285714285714288e+00
3.031666666666666288e+00
3.069999999999999840e+00
3.027142857142856691e+00
3.055000000000000160e+00
3.009999999999999787e+00
3.148333333333333428e+00
3.122857142857142776e+00
3.119999999999999662e+00
3.179999999999999716e+00
3.196666666666666767e+00
3.187142857142857277e+00
3.113333333333333286e+00
3.191666666666666430e+00
3.174285714285713933e+00
3.146666666666666945e+00
3.289999999999999147e+00
3.284285714285714253e+00
3.241428571428571104e+00
3.259999999999999343e+00
3.240000000000000213e+00
3.267142857142856904e+00
3.255714285714285783e+00
3.228571428571428648e+00
3.243333333333333623e+00
3.234999999999999876e+00
3.324999999999999734e+00
3.391428571428571903e+00
3.330000000000000071e+00
3.348333333333333162e+00
3.351666666666667016e+00
3.395714285714285019e+00
3.335000000000000409e+00
3.336666666666666448e+00
3.314999999999999947e+00
3.318571428571428505e+00
3.459999999999999964e+00
3.426666666666667194e+00
3.430000000000000160e+00
3.491666666666667140e+00
3.411666666666666625e+00
3.428333333333333233e+00
3.478333333333333499e+00
3.412857142857142811e+00
3.404999999999999805e+00
3.438333333333333020e+00
3.555000000000000160e+00
3.556666666666666643e+00
3.590000000000000302e+00
3.549999999999999378e+00
3.544999999999999929e+00
3.595714285714286085e+00
3.548333333333333339e+00
3.561428571428571388e+00
3.515000000000000124e+00
3.556666666666666643e+00
3.687142857142857277e+00
3.683333333333333570e+00
3.625714285714285889e+00
3.694285714285714395e+00
3.648571428571428577e+00
3.648333333333333428e+00
3.629999999999999893e+00
3.671666666666666856e+00
3.685714285714285943e+00
3.664999999999999591e+00
3.780000000000000693e+00
3.754285714285714448e+00
3.784285714285714697e+00
3.711666666666666448e+00
3.702857142857143291e+00
3.721428571428571530e+00
3.795714285714285818e+00
3.720000000000000195e+00
3.732857142857143096e+00
3.770000000000000018e+00
3.861666666666666359e+00
3.898333333333333428e+00
3.844285714285714306e+00
3.900000000000000355e+00
3.858333333333333837e+00
3.820000000000000284e+00
3.828571428571428736e+00
3.807999999999999829e+00
3.825714285714285179e+00
3.883333333333333304e+00
3.998333333333333517e+00
3.978333333333333499e+00
3.988333333333333730e+00
3.941666666666666430e+00
3.955000000000000071e+00
3.913333333333333552e+00
3.979999999999999982e+00
3.964285714285714413e+00
3.938571428571428612e+00
3.981666666666666909e+00
4.069999999999999396e+00
4.076666666666667105e+00
4.046666666666666856e+00
4.037142857142858254e+00
4.078571428571428292e+00
4.015714285714286014e+00
4.081428571428571850e+00
4.061666666666666536e+00
4.063333333333333464e+00
4.048333333333332895e+00
4.185714285714285943e+00
4.114285714285714768e+00
4.164285714285713702e+00
4.110000000000000320e+00
4.200000000000000178e+00
4.151666666666666394e+00
4.173333333333332895e+00
4.121666666666667034e+00
4.118333333333333179e+00
4.133333333333333748e+00
4.293333333333333002e+00
4.277142857142856691e+00
4.298333333333332895e+00
4.283333333333332327e+00
4.236666666666666359e+00
4.276666666666666394e+00
4.286666666666667069e+00
4.235000000000000320e+00
4.268571428571428683e+00
4.264999999999999680e+00
4.378333333333332966e+00
4.355000000000000426e+00
4.389999999999999680e+00
4.367142857142857437e+00
4.367142857142857437e+00
4.358333333333333393e+00
4.391666666666666607e+00
4.364999999999999325e+00
4.346666666666666679e+00
4.310000000000000497e+00
4.496666666666667034e+00
4.456666666666666110e+00
4.478333333333333499e+00
4.486666666666667247e+00
4.419999999999999929e+00
4.476666666666667460e+00
4.437142857142857721e+00
4.471428571428571530e+00
4.446666666666667211e+00
4.494285714285714661e+00
4.586666666666666003e+00
4.581666666666666998e+00
4.558333333333332682e+00
4.543333333333333002e+00
4.566666666666666430e+00
4.549999999999999822e+00
4.502857142857143558e+00
4.581428571428571850e+00
4.544999999999999929e+00
4.524999999999999467e+00
4.686666666666666536e+00
4.639999999999999680e+00
4.641428571428570571e+00
4.688571428571428612e+00
4.688571428571428612e+00
4.696666666666666323e+00
4.700000000000000178e+00
4.676666666666666750e+00
4.660000000000000142e+00
4.669999999999999929e+00
4.798571428571428932e+00
4.730000000000000426e+00
4.799999999999999822e+00
4.746666666666667034e+00
4.728333333333332611e+00
4.789999999999999147e+00
4.724999999999999645e+00
4.780000000000000249e+00
4.739999999999999325e+00
4.773333333333333428e+00
4.832857142857142740e+00
4.898333333333333428e+00
4.834999999999999964e+00
4.900000000000000355e+00
4.895000000000000462e+00
4.862857142857142989e+00
4.810000000000000497e+00
4.852857142857142314e+00
4.845714285714286085e+00
4.889999999999999680e+00
4.913333333333333108e+00
4.931666666666667531e+00
4.990000000000000213e+00
4.995000000000000107e+00
4.938333333333333464e+00
4.939999999999999503e+00
4.913333333333333108e+00
4.911428571428571921e+00
4.902857142857143025e+00
4.954285714285714626e+00
5.021666666666667389e+00
5.048333333333333783e+00
5.090000000000000746e+00
5.048333333333333783e+00
5.089999999999999858e+00
5.004285714285714448e+00
5.049999999999999822e+00
5.003333333333332966e+00
5.028333333333333321e+00
5.051666666666666750e+00
5.106666666666667354e+00
5.118333333333333179e+00
5.131428571428571672e+00
5.110000000000000320e+00
5.168333333333333890e+00
5.149999999999999467e+00
5.134999999999999787e+00
5.111666666666666359e+00
5.133333333333332860e+00
5.168571428571428150e+00
5.239999999999999325e+00
5.288333333333333108e+00
5.265000000000000568e+00
5.226666666666667460e+00
5.253333333333333854e+00
5.285000000000000142e+00
5.245000000000000107e+00
5.226666666666666572e+00
5.256666666666666821e+00
5.262857142857142456e+00
5.398333333333333428e+00
5.393333333333333535e+00
5.351666666666666572e+00
5.340000000000000746e+00
5.334285714285713631e+00
5.361666666666667247e+00
5.349999999999998757e+00
5.324999999999999289e+00
5.361666666666667247e+00
5.355714285714285872e+00
5.491428571428571104e+00
5.495000000000000107e+00
5.429999999999999716e+00
5.493333333333333179e+00
5.449999999999999289e+00
5.479999999999999538e+00
5.427142857142856158e+00
5.491666666666667140e+00
5.493333333333334956e+00
5.414999999999999147e+00
5.586666666666666003e+00
5.598571428571429642e+00
5.559999999999999609e+00
5.580000000000000959e+00
5.598333333333332718e+00
5.561428571428571388e+00
5.566666666666666430e+00
5.530000000000000249e+00
5.570000000000000284e+00
5.505714285714285339e+00
5.659999999999999254e+00
5.681428571428571495e+00
5.624285714285713667e+00
5.675714285714285268e+00
5.685000000000001386e+00
5.663333333333333997e+00
5.649999999999999467e+00
5.684285714285715052e+00
5.690000000000000391e+00
5.673333333333332895e+00
5.741666666666667140e+00
5.756666666666666821e+00
5.750000000000000000e+00
5.770000000000000462e+00
5.761666666666666714e+00
5.785000000000000142e+00
5.734285714285713986e+00
5.753333333333332966e+00
5.796666666666666856e+00
5.754999999999999893e+00
5.885000000000000675e+00
5.861428571428571210e+00
5.882857142857142563e+00
5.893333333333333535e+00
5.870000000000000107e+00
5.839999999999999858e+00
5.814285714285714057e+00
5.858333333333333393e+00
5.868571428571428328e+00
5.818571428571429394e+00
5.983333333333333393e+00
5.969999999999999751e+00
5.919999999999999929e+00
5.925714285714286156e+00
5.955714285714285516e+00
5.959999999999999964e+00
5.911666666666666181e+00
5.947142857142857508e+00
5.933333333333333570e+00
5.919999999999999929e+00
6.084999999999999964e+00
6.100000000000000533e+00
6.075000000000000178e+00
6.063333333333333464e+00
6.083333333333333037e+00
6.083333333333333037e+00
6.046666666666666856e+00
6.018571428571427795e+00
6.087142857142857189e+00
6.073333333333333250e+00
6.198333333333333250e+00
6.128333333333333854e+00
6.143333333333333535e+00
6.105714285714285872e+00
6.136666666666666714e+00
6.155714285714286582e+00
6.191666666666666430e+00
6.144999999999998685e+00
6.101428571428571423e+00
6.195000000000000284e+00
6.283333333333332327e+00
6.280000000000000249e+00
6.255714285714285339e+00
6.290000000000000036e+00
6.246666666666666146e+00
6.276666666666666394e+00
6.214285714285714413e+00
6.286666666666666181e+00
6.291666666666666963e+00
6.276666666666666394e+00
6.379999999999999893e+00
6.363333333333333286e+00
6.391666666666666607e+00
6.340000000000000746e+00
6.371666666666666146e+00
6.328333333333333144e+00
6.314285714285714057e+00
6.330000000000000071e+00
6.354999999999999538e+00
6.341666666666665897e+00
6.401666666666666394e+00
6.453333333333333144e+00
6.413333333333333997e+00
6.479999999999999538e+00
6.463333333333333819e+00
6.484285714285713986e+00
6.417142857142856371e+00
6.496666666666666146e+00
6.488333333333333286e+00
6.429999999999999716e+00
6.559999999999998721e+00
6.535000000000000142e+00
6.563333333333333464e+00
6.572857142857141177e+00
6.549999999999999822e+00
6.513333333333334529e+00
6.582857142857142740e+00
6.553333333333333677e+00
6.556666666666667531e+00
6.545714285714284486e+00
6.666666666666666963e+00
6.651428571428572134e+00
6.638333333333332753e+00
6.690000000000000391e+00
6.651428571428570358e+00
6.639999999999999680e+00
6.603333333333334387e+00
6.691666666666666430e+00
6.605000000000000426e+00
6.657142857142856585e+00
6.753333333333332966e+00
6.747142857142857331e+00
6.780000000000000249e+00
6.743333333333333179e+00
6.709999999999999964e+00
6.711428571428571743e+00
6.769999999999998685e+00
6.751666666666666039e+00
6.730000000000000426e+00
6.789999999999999147e+00
6.846666666666666679e+00
6.833333333333332149e+00
6.831666666666666110e+00
6.895000000000000462e+00
6.886666666666666714e+00
6.823333333333333250e+00
6.839999999999999858e+00
6.820000000000000284e+00
6.838333333333333819e+00
6.817142857142856727e+00
6.978333333333334387e+00
6.991666666666667140e+00
6.961666666666666892e+00
6.954285714285714626e+00
6.942857142857143060e+00
6.964285714285714413e+00
6.905000000000000249e+00
6.959999999999999964e+00
6.968333333333332824e+00
6.950000000000000178e+00
7.091666666666667673e+00
7.081666666666666998e+00
7.048333333333332895e+00
7.056666666666665755e+00
7.049999999999998934e+00
7.026666666666666394e+00
7.058333333333333570e+00
7.049999999999999822e+00
7.071666666666666323e+00
7.028333333333333321e+00
