3.895833343267440796e-02
2.583333291113376617e-02
8.333333535119891167e-04
4.749999940395355225e-02
4.625000059604644775e-02
3.166666626930236816e-02
4.333333298563957214e-02
7.333333045244216919e-02
6.250000093132257462e-03
6.061363592743873596e-02
8.770454674959182739e-02
1.427272707223892212e-02
3.772727400064468384e-02
2.529545500874519348e-02
8.951262384653091431e-02
1.154166683554649353e-01
1.281249970197677612e-01
1.416666656732559204e-01
1.054166629910469055e-01
1.016666665673255920e-01
1.006136387586593628e-01
1.519772708415985107e-01
1.958636343479156494e-01
1.688888818025588989e-01
1.376136392354965210e-01
1.129318177700042725e-01
1.365227252244949341e-01
1.790909022092819214e-01
1.988636404275894165e-01
1.473484784364700317e-01
2.218749970197677612e-01
2.154166698455810547e-01
2.666666805744171143e-01
2.725000083446502686e-01
2.450000047683715820e-01
2.662500143051147461e-01
2.329166680574417114e-01
2.837499976158142090e-01
2.454166710376739502e-01
2.049999982118606567e-01
2.427083402872085571e-01
2.649999856948852539e-01
2.493409067392349243e-01
2.734090983867645264e-01
2.684545516967773438e-01
3.675000071525573730e-01
3.524999916553497314e-01
3.241666555404663086e-01
3.816666603088378906e-01
3.979166746139526367e-01
3.212499916553497314e-01
3.233333230018615723e-01
3.141666650772094727e-01
3.962500095367431641e-01
3.286590874195098877e-01
3.743409216403961182e-01
3.166363537311553955e-01
3.125908970832824707e-01
3.386136293411254883e-01
3.576875030994415283e-01
4.666666686534881592e-01
4.133333265781402588e-01
4.904166758060455322e-01
4.749999940395355225e-01
4.235416650772094727e-01
4.900000095367431641e-01
4.466666579246520996e-01
4.643636345863342285e-01
4.855454564094543457e-01
4.302499890327453613e-01
4.599545598030090332e-01
4.301590919494628906e-01
4.196136295795440674e-01
4.748409092426300049e-01
4.988863766193389893e-01
5.291666388511657715e-01
5.937500000000000000e-01
5.587499737739562988e-01
5.470833182334899902e-01
5.575000047683715820e-01
5.104166865348815918e-01
5.774999856948852539e-01
5.962499976158142090e-01
5.283333063125610352e-01
5.066666603088378906e-01
5.892045497894287109e-01
5.993863344192504883e-01
5.156313180923461914e-01
5.878409147262573242e-01
5.652954578399658203e-01
6.716666817665100098e-01
6.908333301544189453e-01
6.358333230018615723e-01
6.883333325386047363e-01
6.216666698455810547e-01
6.595833301544189453e-01
6.981250047683715820e-01
6.387500166893005371e-01
6.241136193275451660e-01
6.630908846855163574e-01
6.608409285545349121e-01
6.807272434234619141e-01
6.232727169990539551e-01
6.275908946990966797e-01
6.180959343910217285e-01
7.958333492279052734e-01
7.158333063125610352e-01
7.900000214576721191e-01
7.637500166893005371e-01
7.020833492279052734e-01
7.060416936874389648e-01
7.358333468437194824e-01
7.131136655807495117e-01
7.790681719779968262e-01
7.489722371101379395e-01
7.139090895652770996e-01
7.601590752601623535e-01
7.961919307708740234e-01
7.999432086944580078e-01
7.938238382339477539e-01
8.899999856948852539e-01
8.650000095367431641e-01
8.566666841506958008e-01
8.999999761581420898e-01
8.885416388511657715e-01
8.045833110809326172e-01
8.924999833106994629e-01
8.352083563804626465e-01
8.725000023841857910e-01
8.645833134651184082e-01
8.816666603088378906e-01
8.858333230018615723e-01
8.597045540809631348e-01
8.137727379798889160e-01
8.906590938568115234e-01
9.291666746139526367e-01
9.645833373069763184e-01
9.352083206176757812e-01
9.408333301544189453e-01
9.487500190734863281e-01
9.795833230018615723e-01
9.341666698455810547e-01
9.241666793823242188e-01
9.150000214576721191e-01
9.933333396911621094e-01
9.189583063125610352e-01
9.166666865348815918e-01
9.995833039283752441e-01
9.294317960739135742e-01
9.082727432250976562e-01
1.095416665077209473e+00
1.064583301544189453e+00
1.077499985694885254e+00
1.004791617393493652e+00
1.053333282470703125e+00
1.081666707992553711e+00
1.092499971389770508e+00
1.049166679382324219e+00
1.017916679382324219e+00
1.009583353996276855e+00
1.053750038146972656e+00
1.074166655540466309e+00
1.052916646003723145e+00
1.078333377838134766e+00
1.009166717529296875e+00
1.129999995231628418e+00
1.192083358764648438e+00
1.136666655540466309e+00
1.177500009536743164e+00
1.124583363533020020e+00
1.176249980926513672e+00
1.110000014305114746e+00
1.184583306312561035e+00
1.144166707992553711e+00
1.108749985694885254e+00
1.108333349227905273e+00
1.135633111000061035e+00
1.181678533554077148e+00
1.181535720825195312e+00
1.175904750823974609e+00
1.250000000000000000e+00
1.278333306312561035e+00
1.286875009536743164e+00
1.274999976158142090e+00
1.273333311080932617e+00
1.284999966621398926e+00
1.282083392143249512e+00
1.217499971389770508e+00
1.254583358764648438e+00
1.214791655540466309e+00
1.233311891555786133e+00
1.229495525360107422e+00
1.208406567573547363e+00
1.264305591583251953e+00
1.230793595314025879e+00
1.397500038146972656e+00
1.379583358764648438e+00
1.343333363533020020e+00
1.317291617393493652e+00
1.333958387374877930e+00
1.369583368301391602e+00
1.300416707992553711e+00
1.355416655540466309e+00
1.372499942779541016e+00
1.309583306312561035e+00
1.353749990463256836e+00
1.305142879486083984e+00
1.341111063957214355e+00
1.315357089042663574e+00
1.320664644241333008e+00
1.414166688919067383e+00
1.477499961853027344e+00
1.480000019073486328e+00
1.406250000000000000e+00
1.489166617393493652e+00
1.495000004768371582e+00
1.447083353996276855e+00
1.417083382606506348e+00
1.425833344459533691e+00
1.467083334922790527e+00
1.489166617393493652e+00
1.493333339691162109e+00
1.452499985694885254e+00
1.441666722297668457e+00
1.401250004768371582e+00
1.512291669845581055e+00
1.590000033378601074e+00
1.578750014305114746e+00
1.557916641235351562e+00
1.519166707992553711e+00
1.580833315849304199e+00
1.586666703224182129e+00
1.514166712760925293e+00
1.509999990463256836e+00
1.551249980926513672e+00
1.512500047683715820e+00
1.518749952316284180e+00
1.558125019073486328e+00
1.597499966621398926e+00
1.507916688919067383e+00
1.700000047683715820e+00
1.669166684150695801e+00
1.695000052452087402e+00
1.669166684150695801e+00
1.622916698455810547e+00
1.668333292007446289e+00
1.686874985694885254e+00
1.686666607856750488e+00
1.681249976158142090e+00
1.669999957084655762e+00
1.689166665077209473e+00
1.602499961853027344e+00
1.652500033378601074e+00
1.655833363533020020e+00
1.644374966621398926e+00
1.790208339691162109e+00
1.757708311080932617e+00
1.790416717529296875e+00
1.730833292007446289e+00
1.732499957084655762e+00
1.745833277702331543e+00
1.779166698455810547e+00
1.799999952316284180e+00
1.751666665077209473e+00
1.775833368301391602e+00
1.795833349227905273e+00
1.798750042915344238e+00
1.731250047683715820e+00
1.772291660308837891e+00
1.777083277702331543e+00
1.867083311080932617e+00
1.806249976158142090e+00
1.869791626930236816e+00
1.869166612625122070e+00
1.800833344459533691e+00
1.834166646003723145e+00
1.831666707992553711e+00
1.827499985694885254e+00
1.840833306312561035e+00
1.864166617393493652e+00
1.811874985694885254e+00
1.808958292007446289e+00
1.850416660308837891e+00
1.862291693687438965e+00
1.801666617393493652e+00
1.994791626930236816e+00
1.913333296775817871e+00
1.956666707992553711e+00
1.929583311080932617e+00
1.982916712760925293e+00
1.986666679382324219e+00
1.972249984741210938e+00
1.961874961853027344e+00
1.904166698455810547e+00
1.988333344459533691e+00
1.954583287239074707e+00
1.965833306312561035e+00
1.999583363533020020e+00
1.900833368301391602e+00
1.940833330154418945e+00
2.085416555404663086e+00
2.071875095367431641e+00
2.035833358764648438e+00
2.099999904632568359e+00
2.084166765213012695e+00
2.088333368301391602e+00
2.068333387374877930e+00
2.069166660308837891e+00
2.087500095367431641e+00
2.045833349227905273e+00
2.092499971389770508e+00
2.091666698455810547e+00
2.040416717529296875e+00
2.025833368301391602e+00
2.098750114440917969e+00
2.180000066757202148e+00
2.196666717529296875e+00
2.165833234786987305e+00
2.140625000000000000e+00
2.156041622161865234e+00
2.175416707992553711e+00
2.147916555404663086e+00
2.135208368301391602e+00
2.184791564941406250e+00
2.153749942779541016e+00
2.134166717529296875e+00
2.155416727066040039e+00
2.137500047683715820e+00
2.111666679382324219e+00
2.161666631698608398e+00
2.295624971389770508e+00
2.255000114440917969e+00
2.217499971389770508e+00
2.273541688919067383e+00
2.258833408355712891e+00
2.268749952316284180e+00
2.274583339691162109e+00
2.295833349227905273e+00
2.235833406448364258e+00
2.255000114440917969e+00
2.266249895095825195e+00
2.215833425521850586e+00
2.227291584014892578e+00
2.287291765213012695e+00
2.277666568756103516e+00
2.399541616439819336e+00
2.367708444595336914e+00
2.318749904632568359e+00
2.382291555404663086e+00
2.400000095367431641e+00
2.372916698455810547e+00
2.335624933242797852e+00
2.355000019073486328e+00
2.325000047683715820e+00
2.366250038146972656e+00
2.349375009536743164e+00
2.317083358764648438e+00
2.313124895095825195e+00
2.370625019073486328e+00
2.345416784286499023e+00
2.498333215713500977e+00
2.444166660308837891e+00
2.475625038146972656e+00
2.487708330154418945e+00
2.474499940872192383e+00
2.424166679382324219e+00
2.451666593551635742e+00
2.476666688919067383e+00
2.423333406448364258e+00
2.448333263397216797e+00
2.446041584014892578e+00
2.483958244323730469e+00
2.480000019073486328e+00
2.498333215713500977e+00
2.463749885559082031e+00
2.581666707992553711e+00
2.591666698455810547e+00
2.550833225250244141e+00
2.580625057220458984e+00
2.585416555404663086e+00
2.573333263397216797e+00
2.597708225250244141e+00
2.553625106811523438e+00
2.592916727066040039e+00
2.527916669845581055e+00
2.596666574478149414e+00
2.580625057220458984e+00
2.558958292007446289e+00
2.550833225250244141e+00
2.562083244323730469e+00
2.683958292007446289e+00
2.698541641235351562e+00
2.697291612625122070e+00
2.615833282470703125e+00
2.697916746139526367e+00
2.698666572570800781e+00
2.647708415985107422e+00
2.603541612625122070e+00
2.658333301544189453e+00
2.611041784286499023e+00
2.619791746139526367e+00
2.642708301544189453e+00
2.647500038146972656e+00
2.636333227157592773e+00
2.612916707992553711e+00
2.787083387374877930e+00
2.790416717529296875e+00
2.796041727066040039e+00
2.775833368301391602e+00
2.793958425521850586e+00
2.785666704177856445e+00
2.730416774749755859e+00
2.739791631698608398e+00
2.734583377838134766e+00
2.722916603088378906e+00
2.713416576385498047e+00
2.727375030517578125e+00
2.705666780471801758e+00
2.771874904632568359e+00
2.749166727066040039e+00
2.893500089645385742e+00
2.897291660308837891e+00
2.814833402633666992e+00
2.828958272933959961e+00
2.893541574478149414e+00
2.888750076293945312e+00
2.890833377838134766e+00
2.856874942779541016e+00
2.869999885559082031e+00
2.899791717529296875e+00
2.858124971389770508e+00
2.887500047683715820e+00
2.861458301544189453e+00
2.812708377838134766e+00
2.858000040054321289e+00
2.976666688919067383e+00
2.956875085830688477e+00
2.953500032424926758e+00
2.953125000000000000e+00
2.969166755676269531e+00
2.986041784286499023e+00
2.963583230972290039e+00
2.941458225250244141e+00
2.904375076293945312e+00
2.989166736602783203e+00
2.963624954223632812e+00
2.966000080108642578e+00
2.959083318710327148e+00
2.983750104904174805e+00
2.981750011444091797e+00
3.017916679382324219e+00
3.011041641235351562e+00
3.028000116348266602e+00
3.085166692733764648e+00
3.076874971389770508e+00
3.045416593551635742e+00
3.005208253860473633e+00
3.015000104904174805e+00
3.031416654586791992e+00
3.016875028610229492e+00
3.040458440780639648e+00
3.000624895095825195e+00
3.055416584014892578e+00
3.025624990463256836e+00
3.071666717529296875e+00
3.177291631698608398e+00
3.149416685104370117e+00
3.141249895095825195e+00
3.145166635513305664e+00
3.157916784286499023e+00
3.174208402633666992e+00
3.180291652679443359e+00
3.132874965667724609e+00
3.182583332061767578e+00
3.146166563034057617e+00
3.133249998092651367e+00
3.162833452224731445e+00
3.187249898910522461e+00
3.174124956130981445e+00
3.168958425521850586e+00
3.295500040054321289e+00
3.294458389282226562e+00
3.265000104904174805e+00
3.225166559219360352e+00
3.279999971389770508e+00
3.259791612625122070e+00
3.280833244323730469e+00
3.277541637420654297e+00
3.211583375930786133e+00
3.214999914169311523e+00
3.209125041961669922e+00
3.201874971389770508e+00
3.237583398818969727e+00
3.206458330154418945e+00
3.206666707992553711e+00
3.398166656494140625e+00
3.328541755676269531e+00
3.308000087738037109e+00
3.322999954223632812e+00
3.364875078201293945e+00
3.339999914169311523e+00
3.350208282470703125e+00
3.363708257675170898e+00
3.347374916076660156e+00
3.366958379745483398e+00
3.319791555404663086e+00
3.391875028610229492e+00
3.383958339691162109e+00
3.399125099182128906e+00
3.336499929428100586e+00
3.440124988555908203e+00
3.495666742324829102e+00
3.466000080108642578e+00
3.482500076293945312e+00
3.490499973297119141e+00
3.441833257675170898e+00
3.432499885559082031e+00
3.490999937057495117e+00
3.447000026702880859e+00
3.432499885559082031e+00
3.479166746139526367e+00
3.477874994277954102e+00
3.409625053405761719e+00
3.451833248138427734e+00
3.440624952316284180e+00
3.582499980926513672e+00
3.525374889373779297e+00
3.593874931335449219e+00
3.585999965667724609e+00
3.598500013351440430e+00
3.532666683197021484e+00
3.574666738510131836e+00
3.528875112533569336e+00
3.573999881744384766e+00
3.559750080108642578e+00
3.522500038146972656e+00
3.533916711807250977e+00
3.575541734695434570e+00
3.531749963760375977e+00
3.522500038146972656e+00
3.681541681289672852e+00
3.625833272933959961e+00
3.676500082015991211e+00
3.655874967575073242e+00
3.611375093460083008e+00
3.653875112533569336e+00
3.648499965667724609e+00
3.684666633605957031e+00
3.691499948501586914e+00
3.657500028610229492e+00
3.652666568756103516e+00
3.648124933242797852e+00
3.613500118255615234e+00
3.634583234786987305e+00
3.634999990463256836e+00
3.726166725158691406e+00
3.756500005722045898e+00
3.740000009536743164e+00
3.770999908447265625e+00
3.790124893188476562e+00
3.703208446502685547e+00
3.729875087738037109e+00
3.707833290100097656e+00
3.730999946594238281e+00
3.714666604995727539e+00
3.734999895095825195e+00
3.772500038146972656e+00
3.762500047683715820e+00
3.794500112533569336e+00
3.753583431243896484e+00
3.871999979019165039e+00
3.855666637420654297e+00
3.833250045776367188e+00
3.888999938964843750e+00
3.868166685104370117e+00
3.857458353042602539e+00
3.880500078201293945e+00
3.812666654586791992e+00
3.819999933242797852e+00
3.866333246231079102e+00
3.817541599273681641e+00
3.853374958038330078e+00
3.860500097274780273e+00
3.800499916076660156e+00
3.845249891281127930e+00
3.979500055313110352e+00
3.953999996185302734e+00
3.947249889373779297e+00
3.982333421707153320e+00
3.907500028610229492e+00
3.908499956130981445e+00
3.943749904632568359e+00
3.970000028610229492e+00
3.918666601181030273e+00
3.908250093460083008e+00
3.947000026702880859e+00
3.932749986648559570e+00
3.970166683197021484e+00
3.951541662216186523e+00
3.901999950408935547e+00
4.005624771118164062e+00
4.080500125885009766e+00
4.084249973297119141e+00
4.095166683197021484e+00
4.081999778747558594e+00
4.068999767303466797e+00
4.083499908447265625e+00
4.056000232696533203e+00
4.076499938964843750e+00
4.033750057220458984e+00
4.014166831970214844e+00
4.034666538238525391e+00
4.038166522979736328e+00
4.031541824340820312e+00
4.070166587829589844e+00
4.196249961853027344e+00
4.150499820709228516e+00
4.187250137329101562e+00
4.132750034332275391e+00
4.185999870300292969e+00
4.169624805450439453e+00
4.140500068664550781e+00
4.153916835784912109e+00
4.130499839782714844e+00
4.101500034332275391e+00
4.172999858856201172e+00
4.135499954223632812e+00
4.180500030517578125e+00
4.196000099182128906e+00
4.190750122070312500e+00
4.295625209808349609e+00
4.207125186920166016e+00
4.226375102996826172e+00
4.212250232696533203e+00
4.208166599273681641e+00
4.251999855041503906e+00
4.270999908447265625e+00
4.283374786376953125e+00
4.263000011444091797e+00
4.217875003814697266e+00
4.214166641235351562e+00
4.268499851226806641e+00
4.296000003814697266e+00
4.289999961853027344e+00
4.292749881744384766e+00
4.336999893188476562e+00
4.364250183105468750e+00
4.356375217437744141e+00
4.380624771118164062e+00
4.306499958038330078e+00
4.357791900634765625e+00
4.329249858856201172e+00
4.350999832153320312e+00
4.326624870300292969e+00
4.367000102996826172e+00
4.355000019073486328e+00
4.396500110626220703e+00
4.345499992370605469e+00
4.381999969482421875e+00
4.390999794006347656e+00
4.443749904632568359e+00
4.474124908447265625e+00
4.438000202178955078e+00
4.494500160217285156e+00
4.481999874114990234e+00
4.478000164031982422e+00
4.408500194549560547e+00
4.428999900817871094e+00
4.427000045776367188e+00
4.425000190734863281e+00
4.429500102996826172e+00
4.478000164031982422e+00
4.443500041961669922e+00
4.444666862487792969e+00
4.403833389282226562e+00
4.580999851226806641e+00
4.577000141143798828e+00
4.584499835968017578e+00
4.541500091552734375e+00
4.525750160217285156e+00
4.515500068664550781e+00
4.557000160217285156e+00
4.555250167846679688e+00
4.521999835968017578e+00
4.519499778747558594e+00
4.522999763488769531e+00
4.537875175476074219e+00
4.588500022888183594e+00
4.585999965667724609e+00
4.596499919891357422e+00
4.646124839782714844e+00
4.641749858856201172e+00
4.647500038146972656e+00
4.609499931335449219e+00
4.646749973297119141e+00
4.690000057220458984e+00
4.630000114440917969e+00
4.681000232696533203e+00
4.690499782562255859e+00
4.676499843597412109e+00
4.631000041961669922e+00
4.697000026702880859e+00
4.604499816894531250e+00
4.632500171661376953e+00
4.699375152587890625e+00
4.780000209808349609e+00
4.733500003814697266e+00
4.797999858856201172e+00
4.721000194549560547e+00
4.796249866485595703e+00
4.795750141143798828e+00
4.734250068664550781e+00
4.757625102996826172e+00
4.791500091552734375e+00
4.777124881744384766e+00
4.708499908447265625e+00
4.731999874114990234e+00
4.738874912261962891e+00
4.723499774932861328e+00
4.746500015258789062e+00
4.838749885559082031e+00
4.862874984741210938e+00
4.899499893188476562e+00
4.897999763488769531e+00
4.810500144958496094e+00
4.857999801635742188e+00
4.850500106811523438e+00
4.813499927520751953e+00
4.865375041961669922e+00
4.867499828338623047e+00
4.861000061035156250e+00
4.864999771118164062e+00
4.810625076293945312e+00
4.867583274841308594e+00
4.881625175476074219e+00
4.910500049591064453e+00
4.968500137329101562e+00
4.921999931335449219e+00
4.960625171661376953e+00
4.918499946594238281e+00
4.942999839782714844e+00
4.907000064849853516e+00
4.970499992370605469e+00
4.961500167846679688e+00
4.914124965667724609e+00
4.918375015258789062e+00
4.929749965667724609e+00
4.934000015258789062e+00
4.948500156402587891e+00
4.947999954223632812e+00
5.085999965667724609e+00
5.080999851226806641e+00
5.044499874114990234e+00
5.034500122070312500e+00
5.066999912261962891e+00
5.036499977111816406e+00
5.053999900817871094e+00
5.091499805450439453e+00
5.086500167846679688e+00
5.044499874114990234e+00
5.067958354949951172e+00
5.006999969482421875e+00
5.006499767303466797e+00
5.006000041961669922e+00
5.003499984741210938e+00
5.155000209808349609e+00
5.155749797821044922e+00
5.195125102996826172e+00
5.109499931335449219e+00
5.152249813079833984e+00
5.110000133514404297e+00
5.144625186920166016e+00
5.161499977111816406e+00
5.156000137329101562e+00
5.182125091552734375e+00
5.135499954223632812e+00
5.197041511535644531e+00
5.105000019073486328e+00
5.197500228881835938e+00
5.138625144958496094e+00
5.275249958038330078e+00
5.235000133514404297e+00
5.252500057220458984e+00
5.262499809265136719e+00
5.262000083923339844e+00
5.263958454132080078e+00
5.235000133514404297e+00
5.269499778747558594e+00
5.236499786376953125e+00
5.264625072479248047e+00
5.294250011444091797e+00
5.215499877929687500e+00
5.295000076293945312e+00
5.296750068664550781e+00
5.210249900817871094e+00
5.370500087738037109e+00
5.383250236511230469e+00
5.325500011444091797e+00
5.307916641235351562e+00
5.342500209808349609e+00
5.331999778747558594e+00
5.357999801635742188e+00
5.369500160217285156e+00
5.397375106811523438e+00
5.354000091552734375e+00
5.357749938964843750e+00
5.369750022888183594e+00
5.303999900817871094e+00
5.355999946594238281e+00
5.338500022888183594e+00
5.453999996185302734e+00
5.453750133514404297e+00
5.418583393096923828e+00
5.473124980926513672e+00
5.445374965667724609e+00
5.431624889373779297e+00
5.440499782562255859e+00
5.498499870300292969e+00
5.493500232696533203e+00
5.473999977111816406e+00
5.434249877929687500e+00
5.479249954223632812e+00
5.479000091552734375e+00
5.441124916076660156e+00
5.424375057220458984e+00
5.559500217437744141e+00
5.551499843597412109e+00
5.598499774932861328e+00
5.554999828338623047e+00
5.515999794006347656e+00
5.562500000000000000e+00
5.581749916076660156e+00
5.549499988555908203e+00
5.544000148773193359e+00
5.589000225067138672e+00
5.583000183105468750e+00
5.540249824523925781e+00
5.554625034332275391e+00
5.501874923706054688e+00
5.548999786376953125e+00
5.627999782562255859e+00
5.666500091552734375e+00
5.603750228881835938e+00
5.666999816894531250e+00
5.685999870300292969e+00
5.678500175476074219e+00
5.687500000000000000e+00
5.637499809265136719e+00
5.670750141143798828e+00
5.673749923706054688e+00
5.604000091552734375e+00
5.638249874114990234e+00
5.697999954223632812e+00
5.690374851226806641e+00
5.666250228881835938e+00
5.796999931335449219e+00
5.750500202178955078e+00
5.734499931335449219e+00
5.702000141143798828e+00
5.712500095367431641e+00
5.706749916076660156e+00
5.768125057220458984e+00
5.782000064849853516e+00
5.703499794006347656e+00
5.775000095367431641e+00
5.722000122070312500e+00
5.717124938964843750e+00
5.741000175476074219e+00
5.779874801635742188e+00
5.750999927520751953e+00
5.867000102996826172e+00
5.886875152587890625e+00
5.879000186920166016e+00
5.864999771118164062e+00
5.802499771118164062e+00
5.802999973297119141e+00
5.802000045776367188e+00
5.861499786376953125e+00
5.861999988555908203e+00
5.877375125885009766e+00
5.891125202178955078e+00
5.828499794006347656e+00
5.837500095367431641e+00
5.827833175659179688e+00
5.848000049591064453e+00
5.943500041961669922e+00
5.994999885559082031e+00
5.967500209808349609e+00
5.906499862670898438e+00
5.950375080108642578e+00
5.966000080108642578e+00
5.924499988555908203e+00
5.924749851226806641e+00
5.945499897003173828e+00
5.922500133514404297e+00
5.981625080108642578e+00
5.917125225067138672e+00
5.923124790191650391e+00
5.910874843597412109e+00
5.902375221252441406e+00
6.042749881744384766e+00
6.062500000000000000e+00
6.043000221252441406e+00
6.037000179290771484e+00
6.032124996185302734e+00
6.084624767303466797e+00
6.073124885559082031e+00
6.038000106811523438e+00
6.095874786376953125e+00
6.045125007629394531e+00
6.070875167846679688e+00
6.050374984741210938e+00
6.041999816894531250e+00
6.071499824523925781e+00
6.089624881744384766e+00
6.188499927520751953e+00
6.107500076293945312e+00
6.177000045776367188e+00
6.118500232696533203e+00
6.184999942779541016e+00
6.116499900817871094e+00
6.132999897003173828e+00
6.117499828338623047e+00
6.124499797821044922e+00
6.186999797821044922e+00
6.171500205993652344e+00
6.168000221252441406e+00
6.187500000000000000e+00
6.140500068664550781e+00
6.156374931335449219e+00
6.262499809265136719e+00
6.286250114440917969e+00
6.204750061035156250e+00
6.253499984741210938e+00
6.217374801635742188e+00
6.264500141143798828e+00
6.214624881744384766e+00
6.297583103179931641e+00
6.228875160217285156e+00
6.263500213623046875e+00
6.238999843597412109e+00
6.247749805450439453e+00
6.210000038146972656e+00
6.275499820709228516e+00
6.233749866485595703e+00
6.336750030517578125e+00
6.347750186920166016e+00
6.316249847412109375e+00
6.375000000000000000e+00
6.304999828338623047e+00
6.315000057220458984e+00
6.328999996185302734e+00
6.395500183105468750e+00
6.372499942779541016e+00
6.361999988555908203e+00
6.355875015258789062e+00
6.395999908447265625e+00
6.381000041961669922e+00
6.335875034332275391e+00
6.391499996185302734e+00
6.460999965667724609e+00
6.496250152587890625e+00
6.477499961853027344e+00
6.461500167846679688e+00
6.486499786376953125e+00
6.479458332061767578e+00
6.429874897003173828e+00
6.434999942779541016e+00
6.440000057220458984e+00
6.408500194549560547e+00
6.433499813079833984e+00
6.494999885559082031e+00
6.403999805450439453e+00
6.448999881744384766e+00
6.469500064849853516e+00
6.597499847412109375e+00
6.531125068664550781e+00
6.530000209808349609e+00
6.577624797821044922e+00
6.527500152587890625e+00
6.502500057220458984e+00
6.510000228881835938e+00
6.549499988555908203e+00
6.519999980926513672e+00
6.566500186920166016e+00
6.530000209808349609e+00
6.525499820709228516e+00
6.586124897003173828e+00
6.526500225067138672e+00
6.568999767303466797e+00
6.612500190734863281e+00
6.633500099182128906e+00
6.667500019073486328e+00
6.688000202178955078e+00
6.607500076293945312e+00
6.663499832153320312e+00
6.676499843597412109e+00
6.600999832153320312e+00
6.615499973297119141e+00
6.682499885559082031e+00
6.622125148773193359e+00
6.646999835968017578e+00
6.644499778747558594e+00
6.605999946594238281e+00
6.688000202178955078e+00
6.744500160217285156e+00
6.782875061035156250e+00
6.793499946594238281e+00
6.707499980926513672e+00
6.719250202178955078e+00
6.770999908447265625e+00
6.714000225067138672e+00
6.782124996185302734e+00
6.710750102996826172e+00
6.765999794006347656e+00
6.703249931335449219e+00
6.783874988555908203e+00
6.744500160217285156e+00
6.723000049591064453e+00
6.711999893188476562e+00
6.847000122070312500e+00
6.811999797821044922e+00
6.837375164031982422e+00
6.882625102996826172e+00
6.874249935150146484e+00
6.867499828338623047e+00
6.860499858856201172e+00
6.889625072479248047e+00
6.877250194549560547e+00
6.811999797821044922e+00
6.898499965667724609e+00
6.809249877929687500e+00
6.832499980926513672e+00
6.876874923706054688e+00
6.816999912261962891e+00
6.971499919891357422e+00
6.952875137329101562e+00
6.986999988555908203e+00
6.976749897003173828e+00
6.982500076293945312e+00
6.915124893188476562e+00
6.915999889373779297e+00
6.971749782562255859e+00
6.913499832153320312e+00
6.934500217437744141e+00
6.943999767303466797e+00
6.979000091552734375e+00
6.982833385467529297e+00
6.998499870300292969e+00
6.911749839782714844e+00
7.097750186920166016e+00
7.056000232696533203e+00
7.092000007629394531e+00
7.037499904632568359e+00
7.015999794006347656e+00
7.079999923706054688e+00
7.066500186920166016e+00
7.010000228881835938e+00
7.016499996185302734e+00
7.008500099182128906e+00
7.013000011444091797e+00
7.009500026702880859e+00
7.013000011444091797e+00
7.061500072479248047e+00
7.080500125885009766e+00
7.177499771118164062e+00
7.173999786376953125e+00
7.151999950408935547e+00
7.182499885559082031e+00
7.159500122070312500e+00
7.141499996185302734e+00
7.136374950408935547e+00
7.193500041961669922e+00
7.117499828338623047e+00
7.147999763488769531e+00
7.199999809265136719e+00
7.136499881744384766e+00
7.118999958038330078e+00
7.190999984741210938e+00
7.123374938964843750e+00
7.254749774932861328e+00
7.236000061035156250e+00
7.243750095367431641e+00
7.208875179290771484e+00
7.284124851226806641e+00
7.222249984741210938e+00
7.292500019073486328e+00
7.227499961853027344e+00
7.263500213623046875e+00
7.285749912261962891e+00
7.242499828338623047e+00
7.226500034332275391e+00
7.226500034332275391e+00
7.224999904632568359e+00
7.240624904632568359e+00
7.372000217437744141e+00
7.343500137329101562e+00
7.386250019073486328e+00
7.371125221252441406e+00
7.324999809265136719e+00
7.357999801635742188e+00
7.362249851226806641e+00
7.349999904632568359e+00
7.321499824523925781e+00
7.358125209808349609e+00
7.372000217437744141e+00
7.334499835968017578e+00
7.370999813079833984e+00
7.370375156402587891e+00
7.388750076293945312e+00
7.409999847412109375e+00
7.481500148773193359e+00
7.465499877929687500e+00
7.447249889373779297e+00
7.486999988555908203e+00
7.437749862670898438e+00
7.459000110626220703e+00
7.492499828338623047e+00
7.459875106811523438e+00
7.485624790191650391e+00
7.476624965667724609e+00
7.476749897003173828e+00
7.480000019073486328e+00
7.425000190734863281e+00
7.459000110626220703e+00
7.554500102996826172e+00
7.550000190734863281e+00
7.597374916076660156e+00
7.515999794006347656e+00
7.572999954223632812e+00
7.553124904632568359e+00
7.510000228881835938e+00
7.579500198364257812e+00
7.580500125885009766e+00
7.536499977111816406e+00
7.573625087738037109e+00
7.574124813079833984e+00
7.539000034332275391e+00
7.502500057220458984e+00
7.511000156402587891e+00
7.697000026702880859e+00
7.676249980926513672e+00
7.607500076293945312e+00
7.659500122070312500e+00
7.654500007629394531e+00
7.696499824523925781e+00
7.696499824523925781e+00
7.606999874114990234e+00
7.656499862670898438e+00
7.695374965667724609e+00
7.665999889373779297e+00
7.632500171661376953e+00
7.621125221252441406e+00
7.679500102996826172e+00
7.645500183105468750e+00
7.748499870300292969e+00
7.770999908447265625e+00
7.740375041961669922e+00
7.704750061035156250e+00
7.732999801635742188e+00
7.714624881744384766e+00
7.775000095367431641e+00
7.704249858856201172e+00
7.750000000000000000e+00
7.728499889373779297e+00
7.750999927520751953e+00
7.715000152587890625e+00
7.769499778747558594e+00
7.722499847412109375e+00
7.770500183105468750e+00
