1.755439281463623047e+00
1.793222904205322266e+00
1.674434781074523926e+00
1.575257301330566406e+00
1.633924841880798340e+00
1.760093092918395996e+00
1.642904639244079590e+00
1.691204905509948730e+00
1.563892006874084473e+00
1.575054883956909180e+00
1.873481154441833496e+00
1.814988732337951660e+00
1.826814889907836914e+00
1.741248965263366699e+00
1.635160803794860840e+00
1.575806260108947754e+00
1.694468379020690918e+00
1.558019042015075684e+00
1.584911346435546875e+00
1.567938089370727539e+00
1.931886553764343262e+00
1.913771986961364746e+00
1.816952228546142578e+00
1.825858354568481445e+00
1.809389948844909668e+00
1.892608642578125000e+00
1.761324524879455566e+00
1.675221323966979980e+00
1.749910473823547363e+00
1.708382487297058105e+00
1.887383460998535156e+00
1.832928776741027832e+00
1.882923245429992676e+00
1.864229559898376465e+00
1.995415210723876953e+00
1.862671136856079102e+00
1.897478103637695312e+00
1.852972626686096191e+00
1.896419644355773926e+00
1.709934115409851074e+00
1.859243273735046387e+00
1.822482466697692871e+00
1.908968091011047363e+00
1.893767237663269043e+00
1.814482092857360840e+00
1.871107220649719238e+00
1.843144178390502930e+00
1.959903359413146973e+00
1.979812502861022949e+00
1.856712937355041504e+00
2.257776498794555664e+00
1.922256588935852051e+00
2.062993288040161133e+00
1.934665799140930176e+00
1.858969569206237793e+00
1.898051381111145020e+00
2.000696420669555664e+00
1.822911620140075684e+00
1.872057557106018066e+00
1.827665209770202637e+00
2.200424671173095703e+00
2.423710584640502930e+00
2.216065406799316406e+00
2.207190990447998047e+00
2.131168842315673828e+00
2.034716606140136719e+00
1.933674693107604980e+00
1.922950863838195801e+00
2.042578458786010742e+00
2.017703294754028320e+00
2.432027816772460938e+00
2.343515396118164062e+00
2.288406610488891602e+00
2.260249137878417969e+00
2.318121433258056641e+00
2.374886274337768555e+00
2.233328342437744141e+00
2.268918991088867188e+00
2.379719018936157227e+00
2.280881404876708984e+00
2.463871955871582031e+00
2.507238388061523438e+00
2.361758708953857422e+00
2.248002767562866211e+00
2.384142398834228516e+00
2.335453510284423828e+00
2.356893062591552734e+00
2.374561071395874023e+00
2.327454566955566406e+00
2.307672977447509766e+00
2.704250812530517578e+00
2.586061477661132812e+00
2.444276332855224609e+00
2.467507362365722656e+00
2.539638519287109375e+00
2.438702583312988281e+00
2.470082044601440430e+00
2.432991743087768555e+00
2.586625576019287109e+00
2.405467510223388672e+00
2.416127204895019531e+00
2.494175910949707031e+00
2.559121608734130859e+00
2.604246854782104492e+00
2.552873611450195312e+00
2.438262462615966797e+00
2.619325876235961914e+00
2.482978343963623047e+00
2.429039716720581055e+00
2.554127216339111328e+00
2.813485860824584961e+00
2.777810811996459961e+00
2.687588214874267578e+00
2.807571887969970703e+00
2.712955236434936523e+00
2.699637413024902344e+00
2.546463966369628906e+00
2.540978193283081055e+00
2.520003557205200195e+00
2.378665447235107422e+00
2.978121280670166016e+00
2.755302429199218750e+00
2.758576154708862305e+00
2.946624279022216797e+00
2.690435886383056641e+00
2.928559780120849609e+00
2.745759963989257812e+00
2.800884246826171875e+00
2.771918773651123047e+00
2.791562080383300781e+00
2.961847305297851562e+00
2.778151273727416992e+00
2.776695251464843750e+00
2.787623882293701172e+00
2.890986442565917969e+00
2.743749618530273438e+00
2.855586290359497070e+00
2.830499172210693359e+00
2.864934206008911133e+00
2.791020870208740234e+00
3.251203060150146484e+00
3.018807411193847656e+00
3.191904067993164062e+00
3.009912967681884766e+00
2.961429834365844727e+00
2.976754665374755859e+00
2.936470985412597656e+00
3.046956539154052734e+00
2.924508571624755859e+00
3.171892881393432617e+00
3.184208869934082031e+00
2.979101896286010742e+00
3.033492088317871094e+00
3.040227651596069336e+00
3.056298017501831055e+00
3.041729927062988281e+00
2.958040237426757812e+00
3.036976337432861328e+00
2.963042736053466797e+00
2.914805889129638672e+00
3.309609413146972656e+00
3.231679916381835938e+00
3.117137908935546875e+00
3.208319664001464844e+00
3.154312133789062500e+00
3.210149765014648438e+00
3.252323627471923828e+00
3.177598714828491211e+00
2.998286724090576172e+00
3.083769321441650391e+00
3.446671009063720703e+00
3.424318552017211914e+00
3.507246017456054688e+00
3.278963565826416016e+00
3.134214878082275391e+00
3.155515909194946289e+00
3.256346464157104492e+00
3.313880681991577148e+00
3.197873115539550781e+00
3.331833362579345703e+00
3.481997251510620117e+00
3.398452281951904297e+00
3.357963562011718750e+00
3.435897350311279297e+00
3.378380298614501953e+00
3.344308614730834961e+00
3.475638628005981445e+00
3.250197410583496094e+00
3.295831441879272461e+00
3.384632349014282227e+00
3.516222000122070312e+00
3.466034412384033203e+00
3.468663692474365234e+00
3.486114978790283203e+00
3.284354686737060547e+00
3.396633148193359375e+00
3.271614313125610352e+00
3.470368146896362305e+00
3.300643444061279297e+00
3.436227798461914062e+00
3.603932857513427734e+00
3.424222230911254883e+00
3.413625478744506836e+00
3.455090522766113281e+00
3.439538717269897461e+00
3.564329147338867188e+00
3.823138236999511719e+00
3.600926876068115234e+00
3.521636962890625000e+00
3.506999492645263672e+00
3.680151224136352539e+00
3.709800720214843750e+00
3.849791526794433594e+00
3.691370010375976562e+00
3.768085718154907227e+00
3.823309659957885742e+00
3.551201343536376953e+00
3.705998897552490234e+00
3.616650342941284180e+00
3.513765335083007812e+00
3.812279701232910156e+00
3.811387777328491211e+00
3.908882141113281250e+00
3.571911096572875977e+00
3.713549613952636719e+00
3.518435716629028320e+00
3.725801229476928711e+00
3.673638582229614258e+00
3.641038656234741211e+00
3.645238637924194336e+00
3.949717044830322266e+00
4.038814544677734375e+00
3.827297925949096680e+00
3.979645013809204102e+00
3.921162843704223633e+00
3.678263187408447266e+00
3.762623071670532227e+00
3.620985507965087891e+00
3.754649639129638672e+00
3.788460731506347656e+00
4.001746177673339844e+00
4.090983390808105469e+00
3.949054956436157227e+00
4.070350170135498047e+00
3.932318210601806641e+00
3.872492790222167969e+00
3.949675083160400391e+00
4.076427459716796875e+00
3.948320627212524414e+00
4.170084476470947266e+00
4.077592849731445312e+00
4.237045288085937500e+00
4.014814853668212891e+00
4.078291893005371094e+00
4.144251823425292969e+00
4.147722721099853516e+00
4.066936016082763672e+00
4.065993785858154297e+00
3.979829311370849609e+00
3.978965520858764648e+00
4.368767738342285156e+00
4.273295402526855469e+00
4.094540119171142578e+00
3.993827104568481445e+00
4.066471099853515625e+00
3.958148717880249023e+00
4.136613368988037109e+00
4.154294967651367188e+00
4.086486816406250000e+00
3.905903577804565430e+00
4.424577713012695312e+00
4.347544670104980469e+00
4.388259410858154297e+00
4.489137649536132812e+00
4.391090393066406250e+00
4.363534450531005859e+00
4.287875175476074219e+00
4.322431564331054688e+00
4.340002059936523438e+00
4.362671852111816406e+00
4.421618461608886719e+00
4.439484596252441406e+00
4.398774147033691406e+00
4.431069850921630859e+00
4.304033279418945312e+00
4.460885047912597656e+00
4.259092807769775391e+00
4.355078220367431641e+00
4.391914844512939453e+00
4.279719352722167969e+00
4.414683341979980469e+00
4.354195117950439453e+00
4.581900596618652344e+00
4.428192615509033203e+00
4.441308021545410156e+00
4.258623123168945312e+00
4.530057430267333984e+00
4.462619781494140625e+00
4.410526752471923828e+00
4.485581874847412109e+00
4.505373954772949219e+00
4.628329277038574219e+00
4.544540405273437500e+00
4.451721668243408203e+00
4.596079349517822266e+00
4.596730709075927734e+00
4.399206638336181641e+00
4.417434692382812500e+00
4.380403995513916016e+00
4.446156978607177734e+00
4.787475109100341797e+00
4.664969444274902344e+00
4.831734180450439453e+00
4.814070701599121094e+00
4.676251888275146484e+00
4.637548446655273438e+00
4.629526615142822266e+00
4.733382225036621094e+00
4.613506317138671875e+00
4.677411556243896484e+00
4.834543228149414062e+00
4.953553676605224609e+00
4.675776481628417969e+00
4.681009292602539062e+00
4.639206409454345703e+00
4.771118164062500000e+00
4.687000274658203125e+00
4.768729209899902344e+00
4.680790424346923828e+00
4.712125778198242188e+00
4.935322761535644531e+00
4.800272941589355469e+00
4.905302047729492188e+00
4.907893180847167969e+00
4.892625331878662109e+00
4.665203571319580078e+00
4.845510482788085938e+00
4.866479396820068359e+00
4.977601051330566406e+00
4.826587200164794922e+00
5.129407882690429688e+00
4.974279403686523438e+00
5.095436573028564453e+00
4.932296276092529297e+00
4.817134857177734375e+00
4.945013046264648438e+00
4.922529220581054688e+00
4.859785079956054688e+00
4.884565830230712891e+00
4.928381443023681641e+00
5.146956443786621094e+00
5.023591995239257812e+00
5.178187847137451172e+00
5.126302719116210938e+00
5.112773418426513672e+00
5.058656692504882812e+00
4.979848861694335938e+00
5.014392375946044922e+00
4.875907897949218750e+00
5.054347515106201172e+00
5.073516368865966797e+00
5.083908081054687500e+00
5.193237304687500000e+00
5.229605197906494141e+00
5.203495025634765625e+00
5.185257434844970703e+00
5.191581726074218750e+00
5.165418148040771484e+00
5.055807590484619141e+00
5.208122253417968750e+00
5.348128318786621094e+00
5.284631252288818359e+00
5.288525581359863281e+00
5.161590099334716797e+00
5.316591739654541016e+00
5.162842273712158203e+00
5.296496868133544922e+00
5.146642684936523438e+00
5.161492824554443359e+00
5.369965553283691406e+00
5.332382678985595703e+00
5.463399887084960938e+00
5.354440689086914062e+00
5.275117397308349609e+00
5.402131080627441406e+00
5.461682319641113281e+00
5.389924526214599609e+00
5.452037811279296875e+00
5.328885078430175781e+00
5.345183372497558594e+00
5.473742485046386719e+00
5.539309501647949219e+00
5.456008911132812500e+00
5.523969173431396484e+00
5.394882202148437500e+00
5.564878463745117188e+00
5.265511989593505859e+00
5.420162200927734375e+00
5.449271202087402344e+00
5.462449550628662109e+00
5.615329265594482422e+00
5.570811271667480469e+00
5.485126495361328125e+00
5.590617179870605469e+00
5.665683746337890625e+00
5.705753803253173828e+00
5.463699817657470703e+00
5.535935401916503906e+00
5.566154956817626953e+00
5.561064243316650391e+00
5.766085624694824219e+00
5.686388969421386719e+00
5.616577625274658203e+00
5.524719238281250000e+00
5.722825050354003906e+00
5.691418647766113281e+00
5.693410396575927734e+00
5.721744537353515625e+00
5.737927436828613281e+00
5.840144157409667969e+00
5.822067260742187500e+00
5.780796051025390625e+00
5.851104736328125000e+00
5.783193111419677734e+00
5.736196517944335938e+00
5.861195087432861328e+00
5.774509906768798828e+00
5.697212219238281250e+00
5.731522560119628906e+00
5.705251693725585938e+00
5.874794960021972656e+00
5.982883453369140625e+00
5.853407859802246094e+00
5.777812004089355469e+00
5.774265289306640625e+00
5.832195281982421875e+00
5.934875011444091797e+00
5.988876819610595703e+00
5.846371173858642578e+00
5.853501319885253906e+00
5.936733245849609375e+00
5.870431900024414062e+00
5.920191287994384766e+00
5.869722843170166016e+00
5.877884864807128906e+00
5.820129394531250000e+00
5.689604759216308594e+00
5.874490737915039062e+00
5.877245903015136719e+00
5.827461719512939453e+00
6.087197303771972656e+00
6.146493911743164062e+00
5.968838691711425781e+00
6.079436302185058594e+00
6.045217514038085938e+00
5.993502616882324219e+00
6.055484771728515625e+00
6.094473838806152344e+00
6.060341835021972656e+00
6.116421222686767578e+00
6.198834419250488281e+00
6.089528083801269531e+00
5.929854869842529297e+00
6.031611442565917969e+00
6.128996372222900391e+00
6.126841545104980469e+00
6.172379493713378906e+00
6.133840560913085938e+00
6.054452419281005859e+00
6.109895229339599609e+00
6.383453369140625000e+00
6.213686943054199219e+00
6.181225776672363281e+00
6.268479347229003906e+00
6.306817054748535156e+00
6.347738265991210938e+00
6.256171226501464844e+00
6.216414928436279297e+00
6.227451324462890625e+00
6.212299346923828125e+00
6.504132270812988281e+00
6.428418159484863281e+00
6.586114883422851562e+00
6.282095432281494141e+00
6.318043708801269531e+00
6.266968727111816406e+00
6.202297210693359375e+00
6.334139823913574219e+00
6.101284980773925781e+00
6.353448867797851562e+00
6.427862167358398438e+00
6.369667053222656250e+00
6.513561248779296875e+00
6.386940956115722656e+00
6.415530204772949219e+00
6.549889564514160156e+00
6.481256484985351562e+00
6.351637840270996094e+00
6.430795669555664062e+00
6.552847385406494141e+00
6.766443252563476562e+00
6.661962509155273438e+00
6.491405487060546875e+00
6.724589824676513672e+00
6.738709449768066406e+00
6.599886417388916016e+00
6.584818363189697266e+00
6.468173980712890625e+00
6.512187004089355469e+00
6.609630584716796875e+00
6.531737327575683594e+00
6.906713008880615234e+00
6.849082946777343750e+00
6.805685043334960938e+00
6.695857524871826172e+00
6.742615699768066406e+00
6.778925895690917969e+00
6.629596710205078125e+00
6.584768295288085938e+00
6.868943214416503906e+00
6.829955101013183594e+00
6.860100746154785156e+00
6.966969966888427734e+00
6.762632846832275391e+00
6.663354873657226562e+00
6.744049072265625000e+00
6.673736095428466797e+00
7.063627243041992188e+00
6.859746456146240234e+00
6.856011867523193359e+00
6.884355545043945312e+00
6.893871307373046875e+00
6.854876518249511719e+00
6.815869331359863281e+00
6.757156848907470703e+00
6.834959506988525391e+00
6.735254764556884766e+00
6.911914348602294922e+00
6.906526088714599609e+00
6.975646972656250000e+00
6.878291130065917969e+00
6.942079544067382812e+00
7.033111572265625000e+00
6.830956459045410156e+00
6.863352775573730469e+00
6.639928817749023438e+00
6.791077613830566406e+00
6.737078666687011719e+00
6.868286132812500000e+00
6.873701572418212891e+00
6.947708129882812500e+00
6.976704597473144531e+00
6.864139556884765625e+00
6.858535766601562500e+00
6.953603267669677734e+00
6.821511268615722656e+00
6.726130008697509766e+00
6.925996303558349609e+00
6.850191116333007812e+00
6.793589591979980469e+00
