2.089247512817382812e+01
2.368889427185058594e+01
1.594251537322998047e+01
2.017377281188964844e+01
2.022178077697753906e+01
2.008797073364257812e+01
1.976815414428710938e+01
1.906678009033203125e+01
1.761897659301757812e+01
1.498124694824218750e+01
1.089165878295898438e+01
5.916995048522949219e+00
2.351525545120239258e+00
4.961225986480712891e+00
7.995149612426757812e+00
5.726238727569580078e+00
2.942269563674926758e+00
2.217167139053344727e+00
2.999009609222412109e+00
4.041368007659912109e+00
4.655858039855957031e+00
4.667939662933349609e+00
4.153625011444091797e+00
3.331202745437622070e+00
2.536305189132690430e+00
2.158271551132202148e+00
2.411042451858520508e+00
3.017371177673339844e+00
3.324670314788818359e+00
3.027206182479858398e+00
2.476670742034912109e+00
2.144567012786865234e+00
2.172240257263183594e+00
2.402261734008789062e+00
2.611348390579223633e+00
2.665565252304077148e+00
2.546847343444824219e+00
2.328344106674194336e+00
2.132089376449584961e+00
2.066163539886474609e+00
2.149472475051879883e+00
2.281762361526489258e+00
2.323975324630737305e+00
2.234698057174682617e+00
2.098390579223632812e+00
2.020677328109741211e+00
2.032897472381591797e+00
2.091531276702880859e+00
2.132838249206542969e+00
2.120425224304199219e+00
2.061229944229125977e+00
1.993739128112792969e+00
1.958214879035949707e+00
1.967746019363403320e+00
1.996918201446533203e+00
2.005419015884399414e+00
1.977016806602478027e+00
1.931920051574707031e+00
1.901331424713134766e+00
1.897155284881591797e+00
1.906705975532531738e+00
1.909082293510437012e+00
1.893322706222534180e+00
1.864871859550476074e+00
1.838757276535034180e+00
1.826060891151428223e+00
1.824470043182373047e+00
1.821469306945800781e+00
1.807447552680969238e+00
1.784806609153747559e+00
1.763683199882507324e+00
1.750665068626403809e+00
1.743259429931640625e+00
1.734045624732971191e+00
1.718360066413879395e+00
1.698007702827453613e+00
1.678686380386352539e+00
1.663755774497985840e+00
1.651462078094482422e+00
1.637183308601379395e+00
1.618638873100280762e+00
1.597990870475769043e+00
1.578828573226928711e+00
1.562081098556518555e+00
1.545472264289855957e+00
1.526764631271362305e+00
1.504422307014465332e+00
1.481826424598693848e+00
1.460538983345031738e+00
1.439662337303161621e+00
1.417314648628234863e+00
1.392775416374206543e+00
1.367273807525634766e+00
1.342175126075744629e+00
1.317270278930664062e+00
1.291108131408691406e+00
1.262364745140075684e+00
1.232376098632812500e+00
1.202795505523681641e+00
1.172406435012817383e+00
1.140520930290222168e+00
1.107353329658508301e+00
1.073540925979614258e+00
1.039627909660339355e+00
1.004324555397033691e+00
9.672036170959472656e-01
9.295803904533386230e-01
8.914736509323120117e-01
8.536826372146606445e-01
8.142580389976501465e-01
7.732995152473449707e-01
7.324730157852172852e-01
6.934725642204284668e-01
6.542105078697204590e-01
6.137698292732238770e-01
5.731652379035949707e-01
5.328627228736877441e-01
4.939713776111602783e-01
4.576161503791809082e-01
4.215278029441833496e-01
3.858659565448760986e-01
3.524273037910461426e-01
3.204788267612457275e-01
2.916927933692932129e-01
2.645125985145568848e-01
2.391110807657241821e-01
2.173866778612136841e-01
1.988571137189865112e-01
1.825528293848037720e-01
1.697791069746017456e-01
1.581834107637405396e-01
1.511082649230957031e-01
1.450238674879074097e-01
1.426786631345748901e-01
1.406720429658889771e-01
1.409392505884170532e-01
1.402022242546081543e-01
1.395939141511917114e-01
1.374234259128570557e-01
1.344728469848632812e-01
1.302022188901901245e-01
1.254623234272003174e-01
1.203905418515205383e-01
1.153134331107139587e-01
1.112716421484947205e-01
1.081913635134696960e-01
1.064016819000244141e-01
1.047462224960327148e-01
1.029493659734725952e-01
1.005661338567733765e-01
9.739883989095687866e-02
9.422457963228225708e-02
9.118533134460449219e-02
8.882710337638854980e-02
8.700194954872131348e-02
8.539126068353652954e-02
8.377932012081146240e-02
8.214826881885528564e-02
8.030954003334045410e-02
7.847213745117187500e-02
7.664684951305389404e-02
7.490489631891250610e-02
7.337348908185958862e-02
7.195944339036941528e-02
7.068829983472824097e-02
6.949079781770706177e-02
6.830543279647827148e-02
6.713414192199707031e-02
6.593601405620574951e-02
6.474978476762771606e-02
6.362032145261764526e-02
6.255488097667694092e-02
6.158342212438583374e-02
6.069158762693405151e-02
5.983628705143928528e-02
5.899524688720703125e-02
5.815551057457923889e-02
5.730351060628890991e-02
5.646358802914619446e-02
5.565859377384185791e-02
5.489920079708099365e-02
5.417474359273910522e-02
5.346859246492385864e-02
5.277441069483757019e-02
5.209255963563919067e-02
5.142408981919288635e-02
5.080289766192436218e-02
5.022121220827102661e-02
4.967426881194114685e-02
4.914551228284835815e-02
4.861322045326232910e-02
4.808184131979942322e-02
4.755130037665367126e-02
4.705058783292770386e-02
4.658813774585723877e-02
4.615358635783195496e-02
4.574411734938621521e-02
4.534970968961715698e-02
4.495753720402717590e-02
4.456523433327674866e-02
4.415151104331016541e-02
4.374306648969650269e-02
4.333440214395523071e-02
4.294554144144058228e-02
4.257218912243843079e-02
4.221652448177337646e-02
4.188254848122596741e-02
4.156133905053138733e-02
4.124940931797027588e-02
4.095470532774925232e-02
4.070084914565086365e-02
4.054545983672142029e-02
4.056327790021896362e-02
4.083543643355369568e-02
4.116524383425712585e-02
4.105527326464653015e-02
4.021497443318367004e-02
3.906077146530151367e-02
3.838438913226127625e-02
3.841621801257133484e-02
3.871546313166618347e-02
3.872249647974967957e-02
3.822510689496994019e-02
3.750700131058692932e-02
3.696661069989204407e-02
3.679524734616279602e-02
3.685936331748962402e-02
3.688270226120948792e-02
3.671883046627044678e-02
3.636423870921134949e-02
3.593524545431137085e-02
3.553926572203636169e-02
3.525704517960548401e-02
3.508288040757179260e-02
3.498412296175956726e-02
3.492610156536102295e-02
3.488280996680259705e-02
3.482775390148162842e-02
3.475452959537506104e-02
3.464546427130699158e-02
3.452271595597267151e-02
3.436958417296409607e-02
3.421166911721229553e-02
3.403742611408233643e-02
3.387292474508285522e-02
3.372340276837348938e-02
3.361213579773902893e-02
3.356729075312614441e-02
3.360375389456748962e-02
3.376571834087371826e-02
3.410005569458007812e-02
3.460020199418067932e-02
3.514549508690834045e-02
3.566395863890647888e-02
3.588413819670677185e-02
3.568511828780174255e-02
3.486873209476470947e-02
3.367605060338973999e-02
3.239659219980239868e-02
3.139890730381011963e-02
3.090209327638149261e-02
3.089810721576213837e-02
3.124810010194778442e-02
3.177406266331672668e-02
3.236377611756324768e-02
3.292846679687500000e-02
3.346437960863113403e-02
3.385372087359428406e-02
3.416097536683082581e-02
3.420092165470123291e-02
3.404030203819274902e-02
3.347183391451835632e-02
3.267229720950126648e-02
3.166053816676139832e-02
3.067429363727569580e-02
2.984999679028987885e-02
2.929017879068851471e-02
2.899653837084770203e-02
2.894054912030696869e-02
2.905335463583469391e-02
2.925980463624000549e-02
2.952865883708000183e-02
2.982960082590579987e-02
3.018050827085971832e-02
3.057232685387134552e-02
3.106729313731193542e-02
3.166672959923744202e-02
3.253839910030364990e-02
3.362155705690383911e-02
3.516657277941703796e-02
3.673403710126876831e-02
3.837867081165313721e-02
3.905159607529640198e-02
3.874675557017326355e-02
3.652472794055938721e-02
3.330491855740547180e-02
2.986582368612289429e-02
2.763556130230426788e-02
2.723491564393043518e-02
2.832175418734550476e-02
2.999369800090789795e-02
3.117804601788520813e-02
3.128193691372871399e-02
3.022602573037147522e-02
2.867207862436771393e-02
2.726043947041034698e-02
2.652804553508758545e-02
2.655646577477455139e-02
2.710264176130294800e-02
2.782374247908592224e-02
2.839755266904830933e-02
2.873691171407699585e-02
2.869300916790962219e-02
2.842233143746852875e-02
2.789484523236751556e-02
2.732763439416885376e-02
2.673350460827350616e-02
2.624635770916938782e-02
2.586197108030319214e-02
2.560598962008953094e-02
2.547756023705005646e-02
2.544556371867656708e-02
2.548292092978954315e-02
2.557659149169921875e-02
2.572786808013916016e-02
2.595124207437038422e-02
2.629875577986240387e-02
2.672684937715530396e-02
2.738421224057674408e-02
2.824041433632373810e-02
2.966248616576194763e-02
3.165217489004135132e-02
3.491207584738731384e-02
3.896053880453109741e-02
4.500174522399902344e-02
4.965840280055999756e-02
5.367189645767211914e-02
4.983020201325416565e-02
4.185972735285758972e-02
3.086001612246036530e-02
2.471411228179931641e-02
2.592839486896991730e-02
3.155097737908363342e-02
3.625722974538803101e-02
3.538184612989425659e-02
3.061930835247039795e-02
2.548150531947612762e-02
2.410436794161796570e-02
2.648168615996837616e-02
2.948311157524585724e-02
3.024369291961193085e-02
2.786801382899284363e-02
2.486721239984035492e-02
2.367582544684410095e-02
2.472629211843013763e-02
2.651099674403667450e-02
2.716853655874729156e-02
2.631559409201145172e-02
2.462951652705669403e-02
2.347045764327049255e-02
2.348962053656578064e-02
2.431934326887130737e-02
2.510113455355167389e-02
2.521544881165027618e-02
2.465957030653953552e-02
2.379151061177253723e-02
2.314550615847110748e-02
2.298793755471706390e-02
2.324904501438140869e-02
2.364018373191356659e-02
2.385739050805568695e-02
2.380862273275852203e-02
2.349198423326015472e-02
2.309827506542205811e-02
2.275837957859039307e-02
2.258517406880855560e-02
2.257270738482475281e-02
2.266521193087100983e-02
2.278420515358448029e-02
2.285807207226753235e-02
2.285569719970226288e-02
2.277462929487228394e-02
2.264194190502166748e-02
2.248016186058521271e-02
2.232526615262031555e-02
2.219578437507152557e-02
2.209846302866935730e-02
2.203242108225822449e-02
2.199306525290012360e-02
2.197260595858097076e-02
2.196616120636463165e-02
2.197051048278808594e-02
2.199067361652851105e-02
2.203906700015068054e-02
2.212401852011680603e-02
2.227182127535343170e-02
2.251380123198032379e-02
2.291874960064888000e-02
2.358254976570606232e-02
2.480046823620796204e-02
2.681079879403114319e-02
3.029228933155536652e-02
3.528150171041488647e-02
4.377706721425056458e-02
5.278537422418594360e-02
6.482960283756256104e-02
6.722564995288848877e-02
6.317929923534393311e-02
4.398602619767189026e-02
2.682369202375411987e-02
2.147583663463592529e-02
2.911327220499515533e-02
3.952255100011825562e-02
3.915957733988761902e-02
3.107370249927043915e-02
2.240282297134399414e-02
2.251880057156085968e-02
2.874389104545116425e-02
3.156191855669021606e-02
2.829362265765666962e-02
2.254980057477951050e-02
2.130763232707977295e-02
2.454991266131401062e-02
2.709683775901794434e-02
2.633313089609146118e-02
2.285859175026416779e-02
2.083999849855899811e-02
2.179092913866043091e-02
2.377824485301971436e-02
2.424225397408008575e-02
2.260120771825313568e-02
2.091730013489723206e-02
2.075439505279064178e-02
2.181905880570411682e-02
2.268642932176589966e-02
2.239532954990863800e-02
2.132796309888362885e-02
2.049832604825496674e-02
2.051634155213832855e-02
2.110523357987403870e-02
2.155194804072380066e-02
2.144436910748481750e-02
2.088899910449981689e-02
2.035007439553737640e-02
2.016722969710826874e-02
2.034781128168106079e-02
2.064831741154193878e-02
2.078936435282230377e-02
2.067881077527999878e-02
2.038997411727905273e-02
2.010313421487808228e-02
1.994352973997592926e-02
1.994793117046356201e-02
2.005387097597122192e-02
2.014993689954280853e-02
2.016009204089641571e-02
2.007204852998256683e-02
1.992566511034965515e-02
1.978391595184803009e-02
1.969241164624691010e-02
1.966299116611480713e-02
1.967861689627170563e-02
1.970796845853328705e-02
1.972426101565361023e-02
1.970986276865005493e-02
1.966498047113418579e-02
1.959987729787826538e-02
1.952600292861461639e-02
1.945698820054531097e-02
1.940003782510757446e-02
1.935586892068386078e-02
1.932397671043872833e-02
1.930193789303302765e-02
1.928724162280559540e-02
1.927711069583892822e-02
1.927081122994422913e-02
1.926724240183830261e-02
1.926829107105731964e-02
1.927396468818187714e-02
1.928926259279251099e-02
1.931876875460147858e-02
1.936301589012145996e-02
1.943890750408172607e-02
1.957448944449424744e-02
1.979660987854003906e-02
2.020628750324249268e-02
2.084632590413093567e-02
2.199591509997844696e-02
2.377047576010227203e-02
2.688930183649063110e-02
3.151270747184753418e-02
3.987561538815498352e-02
5.036485940217971802e-02
6.699294596910476685e-02
7.703000307083129883e-02
8.394893258810043335e-02
6.461151689291000366e-02
3.998486697673797607e-02
2.086803875863552094e-02
2.235178276896476746e-02
3.729372844099998474e-02
4.471310228109359741e-02
3.850017115473747253e-02
2.363871969282627106e-02
1.925747096538543701e-02
2.701424807310104370e-02
3.303307667374610901e-02
2.975740469992160797e-02
2.122449502348899841e-02
1.915528625249862671e-02
2.374225109815597534e-02
2.662684582173824310e-02
2.420051768422126770e-02
1.964389905333518982e-02
1.893464289605617523e-02
2.174049057066440582e-02
2.342946827411651611e-02
2.196149900555610657e-02
1.924750953912734985e-02
1.857682317495346069e-02
2.009717747569084167e-02
2.140338532626628876e-02
2.089175768196582794e-02
1.926222816109657288e-02
1.835938170552253723e-02
1.887982338666915894e-02
1.979736238718032837e-02
1.987454853951931000e-02
1.902978867292404175e-02
1.830576546490192413e-02
1.838953047990798950e-02
1.893497258424758911e-02
1.920328289270401001e-02
1.886505819857120514e-02
1.833844929933547974e-02
1.811611279845237732e-02
1.829969324171543121e-02
1.857353188097476959e-02
1.859989576041698456e-02
1.837095245718955994e-02
1.808415539562702179e-02
1.797894388437271118e-02
1.807405427098274231e-02
1.820839196443557739e-02
1.824632473289966583e-02
1.812825165688991547e-02
1.795877888798713684e-02
1.784063130617141724e-02
1.781820505857467651e-02
1.786425895988941193e-02
1.791962236166000366e-02
1.792330481112003326e-02
1.785913296043872833e-02
1.776316761970520020e-02
1.768643595278263092e-02
1.764825172722339630e-02
1.764850877225399017e-02
1.766584254801273346e-02
1.767492853105068207e-02
1.765988953411579132e-02
1.762192510068416595e-02
1.757367141544818878e-02
1.752792112529277802e-02
1.749520935118198395e-02
1.747651770710945129e-02
1.746783219277858734e-02
1.746347919106483459e-02
1.745725795626640320e-02
1.744598709046840668e-02
1.742838881909847260e-02
1.740903779864311218e-02
1.738626882433891296e-02
1.736308448016643524e-02
1.733767054975032806e-02
1.731394417583942413e-02
1.729155331850051880e-02
1.727134548127651215e-02
1.725219748914241791e-02
1.723403669893741608e-02
1.721693202853202820e-02
1.719991117715835571e-02
1.718488149344921112e-02
1.717077940702438354e-02
1.715854927897453308e-02
1.714865677058696747e-02
1.714592427015304565e-02
1.715069450438022614e-02
1.717202924191951752e-02
1.721485704183578491e-02
1.728724502027034760e-02
1.739612407982349396e-02
1.757542230188846588e-02
1.783772557973861694e-02
1.827547512948513031e-02
1.889840885996818542e-02
1.994840055704116821e-02
2.136307023465633392e-02
2.369116432964801788e-02
2.669230476021766663e-02
3.151647374033927917e-02
3.684172406792640686e-02
4.438544809818267822e-02
4.852424934506416321e-02
5.197228118777275085e-02
4.641320556402206421e-02
3.850088268518447876e-02
2.699198387563228607e-02
1.909408532083034515e-02
1.690980419516563416e-02
2.005667053163051605e-02
2.544379606842994690e-02
2.897709421813488007e-02
2.933898940682411194e-02
2.535021305084228516e-02
2.047903090715408325e-02
1.722731813788414001e-02
1.722738333046436310e-02
1.957840472459793091e-02
2.214148454368114471e-02
2.333191409707069397e-02
2.206284739077091217e-02
1.975774765014648438e-02
1.757833734154701233e-02
1.669668219983577728e-02
1.723529957234859467e-02
1.844004169106483459e-02
1.930848881602287292e-02
1.920856162905693054e-02
1.843696273863315582e-02
1.740808784961700439e-02
1.669312454760074615e-02
1.658284664154052734e-02
1.696082204580307007e-02
1.747116632759571075e-02
1.772520877420902252e-02
1.766462624073028564e-02
1.728131435811519623e-02
1.686232723295688629e-02
1.654975675046443939e-02
1.643811911344528198e-02
1.650190725922584534e-02
1.666707359254360199e-02
1.684948243200778961e-02
1.697312481701374054e-02
1.698988303542137146e-02
1.690925657749176025e-02
1.676051504909992218e-02
1.659445092082023621e-02
1.644270308315753937e-02
1.633973047137260437e-02
1.629153639078140259e-02
1.629304699599742889e-02
1.632395572960376740e-02
1.636268012225627899e-02
1.639838144183158875e-02
1.641708984971046448e-02
1.642066240310668945e-02
1.639867946505546570e-02
1.636539958417415619e-02
1.632019318640232086e-02
1.627461239695549011e-02
1.623063161969184875e-02
1.619122363626956940e-02
1.615581102669239044e-02
1.612796820700168610e-02
1.610663719475269318e-02
1.608981564640998840e-02
1.607558317482471466e-02
1.606265641748905182e-02
1.605007611215114594e-02
1.603757031261920929e-02
1.602574624121189117e-02
1.601475477218627930e-02
1.600472256541252136e-02
1.599617674946784973e-02
1.599126495420932770e-02
1.599034294486045837e-02
1.599623449146747589e-02
1.601664163172245026e-02
1.605541631579399109e-02
1.612840034067630768e-02
1.625712960958480835e-02
1.647525094449520111e-02
1.684916764497756958e-02
1.749558001756668091e-02
1.849419623613357544e-02
2.024478837847709656e-02
2.283959276974201202e-02
2.744310535490512848e-02
3.355474397540092468e-02
4.417197406291961670e-02
5.526566505432128906e-02
7.244030386209487915e-02
7.775749266147613525e-02
8.032380789518356323e-02
5.784061923623085022e-02
3.438028693199157715e-02
1.764561422169208527e-02
1.895959675312042236e-02
3.235900029540061951e-02
4.137377440929412842e-02
3.991471603512763977e-02
2.568523958325386047e-02
1.648664847016334534e-02
1.918740384280681610e-02
2.718803659081459045e-02
3.014886006712913513e-02
2.372642233967781067e-02
1.711312495172023773e-02
1.657867245376110077e-02
2.095555886626243591e-02
2.408482320606708527e-02
2.161907590925693512e-02
1.741066947579383850e-02
1.592087373137474060e-02
1.803969964385032654e-02
2.043612673878669739e-02
1.983344741165637970e-02
1.743661426007747650e-02
1.579193770885467529e-02
1.632747240364551544e-02
1.791076734662055969e-02
1.838148012757301331e-02
1.741642877459526062e-02
1.604899205267429352e-02
1.567022316157817841e-02
1.633945852518081665e-02
1.703707128763198853e-02
1.698979176580905914e-02
1.625366508960723877e-02
1.564560271799564362e-02
1.568278297781944275e-02
1.613761112093925476e-02
1.641755364835262299e-02
1.622213609516620636e-02
1.578871160745620728e-02
1.552064251154661179e-02
1.559177786111831665e-02
1.583832688629627228e-02
1.597617007791996002e-02
1.587797328829765320e-02
1.564178988337516785e-02
1.546543650329113007e-02
1.545139402151107788e-02
1.555659063160419464e-02
1.565336249768733978e-02
1.565252430737018585e-02
1.555669680237770081e-02
1.543909497559070587e-02
1.537175849080085754e-02
1.537260040640830994e-02
1.541302073746919632e-02
1.545106153935194016e-02
1.544593553990125656e-02
1.540334615856409073e-02
1.534549146890640259e-02
1.530395075678825378e-02
1.529109012335538864e-02
1.530048809945583344e-02
1.531204022467136383e-02
1.531205326318740845e-02
1.529493834823369980e-02
1.526851020753383636e-02
1.524212397634983063e-02
1.522210519760847092e-02
1.521078310906887054e-02
1.520750392228364944e-02
1.520657073706388474e-02
1.520248502492904663e-02
1.519392430782318115e-02
1.518045365810394287e-02
1.516412291675806046e-02
1.514900103211402893e-02
1.513679698109626770e-02
1.512760482728481293e-02
1.512024365365505219e-02
1.511348690837621689e-02
1.510731689631938934e-02
1.509967166930437088e-02
1.509066298604011536e-02
1.508103962987661362e-02
1.507008075714111328e-02
1.505828928202390671e-02
1.504519209265708923e-02
1.503120828419923782e-02
1.501819398254156113e-02
1.500472705811262131e-02
1.499146595597267151e-02
1.497770566493272781e-02
1.496471371501684189e-02
1.495186239480972290e-02
1.493882294744253159e-02
1.492645032703876495e-02
1.491520740091800690e-02
1.490413770079612732e-02
1.489292364567518234e-02
1.488193310797214508e-02
1.487116515636444092e-02
1.486087404191493988e-02
1.485177502036094666e-02
1.484386622905731201e-02
1.483646593987941742e-02
1.483053527772426605e-02
1.482518389821052551e-02
1.481986697763204575e-02
1.481502875685691833e-02
1.480972953140735626e-02
1.480701286345720291e-02
1.480720005929470062e-02
1.481312047690153122e-02
1.482630800455808640e-02
1.486189756542444229e-02
1.492246240377426147e-02
1.502773910760879517e-02
1.518736872822046280e-02
1.543038245290517807e-02
1.578867994248867035e-02
1.630841754376888275e-02
1.709867641329765320e-02
1.815950497984886169e-02
1.971790380775928497e-02
2.160812169313430786e-02
2.441969700157642365e-02
2.729861438274383545e-02
3.222956508398056030e-02
3.700865805149078369e-02
4.395361989736557007e-02
4.481964185833930969e-02
4.460446536540985107e-02
3.620977699756622314e-02
2.746725082397460938e-02
1.880126632750034332e-02
1.486349757760763168e-02
1.578126847743988037e-02
1.969516091048717499e-02
2.398801967501640320e-02
2.520162053406238556e-02
2.385077811777591705e-02
1.973684132099151611e-02
1.617557927966117859e-02
1.466544717550277710e-02
1.562402956187725067e-02
1.783642172813415527e-02
1.931464485824108124e-02
1.942236907780170441e-02
1.772519201040267944e-02
1.584781333804130554e-02
1.470834854990243912e-02
1.475719176232814789e-02
1.562873087823390961e-02
1.658091880381107330e-02
1.693090982735157013e-02
1.640778407454490662e-02
1.553873531520366669e-02
1.478873006999492645e-02
1.451660599559545517e-02
1.473872363567352295e-02
1.520720217376947403e-02
1.566712372004985809e-02
1.581093668937683105e-02
1.570006832480430603e-02
1.531988754868507385e-02
1.493774168193340302e-02
1.462823338806629181e-02
1.446129754185676575e-02
1.443574298173189163e-02
1.451804302632808685e-02
1.465786527842283249e-02
1.481228042393922806e-02
1.493884529918432236e-02
1.499700546264648438e-02
1.501283608376979828e-02
1.496392674744129181e-02
1.487926766276359558e-02
1.477323099970817566e-02
1.466920226812362671e-02
1.455773320049047470e-02
1.446635928004980087e-02
1.439153496176004410e-02
1.434339117258787155e-02
1.431734953075647354e-02
1.430951710790395737e-02
1.431441493332386017e-02
1.432592049241065979e-02
1.434257067739963531e-02
1.436522323638200760e-02
1.439110562205314636e-02
1.441879291087388992e-02
1.444766204804182053e-02
1.447608321905136108e-02
1.452251151204109192e-02
1.457642298191785812e-02
1.467320881783962250e-02
1.480652950704097748e-02
1.502216234803199768e-02
1.528299413621425629e-02
1.567604765295982361e-02
1.610664650797843933e-02
1.674320921301841736e-02
1.740428246557712555e-02
1.836911961436271667e-02
1.913690567016601562e-02
2.006848342716693878e-02
2.040170691907405853e-02
2.087715640664100647e-02
2.064129896461963654e-02
2.056856825947761536e-02
1.981302537024021149e-02
1.921772211790084839e-02
1.819618977606296539e-02
1.735807210206985474e-02
1.641885191202163696e-02
1.566739752888679504e-02
1.501793321222066879e-02
1.458200253546237946e-02
1.429157238453626633e-02
1.414521876722574234e-02
1.410118304193019867e-02
1.412540394812822342e-02
1.420520991086959839e-02
1.433504000306129456e-02
1.449747476726770401e-02
1.470350008457899094e-02
1.497732941061258316e-02
1.533968839794397354e-02
1.583794131875038147e-02
1.641098782420158386e-02
1.712263748049736023e-02
1.771637797355651855e-02
1.847195997834205627e-02
1.895023509860038757e-02
1.964403316378593445e-02
1.986963674426078796e-02
2.029555663466453552e-02
2.014996670186519623e-02
2.013323642313480377e-02
1.955601014196872711e-02
1.916540786623954773e-02
1.835392229259014130e-02
1.773316971957683563e-02
1.692013442516326904e-02
1.628852263092994690e-02
1.562082394957542419e-02
1.510780025273561478e-02
1.467568520456552505e-02
1.436126884073019028e-02
1.414652541279792786e-02
1.401885040104389191e-02
1.396087929606437683e-02
1.393810380250215530e-02
1.393727120012044907e-02
1.395107526332139969e-02
1.398648601025342941e-02
1.403305213898420334e-02
1.408278476446866989e-02
1.415119506418704987e-02
1.424964051693677902e-02
1.439004950225353241e-02
1.457784697413444519e-02
1.485544629395008087e-02
1.524224784225225449e-02
1.573977433145046234e-02
1.649404689669609070e-02
1.729654148221015930e-02
1.863071322441101074e-02
1.995799876749515533e-02
2.211705036461353302e-02
2.419186756014823914e-02
2.773873135447502136e-02
3.037492185831069946e-02
3.424046933650970459e-02
3.503809496760368347e-02
3.644845262169837952e-02
3.322052210569381714e-02
2.975515648722648621e-02
2.372697554528713226e-02
1.865333877503871918e-02
1.493461802601814270e-02
1.385930553078651428e-02
1.507933810353279114e-02
1.742342486977577209e-02
1.970632001757621765e-02
2.030517905950546265e-02
1.985741779208183289e-02
1.785310544073581696e-02
1.581695489585399628e-02
1.426901109516620636e-02
1.382123213261365891e-02
1.436158921569585800e-02
1.536962855607271194e-02
1.630568504333496094e-02
1.655646786093711853e-02
1.622668839991092682e-02
1.534244325011968613e-02
1.448625139892101288e-02
1.390353310853242874e-02
1.376023795455694199e-02
1.400083769112825394e-02
1.443823892623186111e-02
1.491946633905172348e-02
1.518189534544944763e-02
1.526028756052255630e-02
1.510301977396011353e-02
1.501991041004657745e-02
1.478922739624977112e-02
1.447949372231960297e-02
1.410689018666744232e-02
1.382164750248193741e-02
1.368297822773456573e-02
1.369445305317640305e-02
1.381643209606409073e-02
1.399361155927181244e-02
1.416330412030220032e-02
1.428135298192501068e-02
1.435941457748413086e-02
1.431883405894041061e-02
1.425354089587926865e-02
1.410319749265909195e-02
1.395132113248109818e-02
1.380855496972799301e-02
1.371094770729541779e-02
1.364525593817234039e-02
1.360660884529352188e-02
1.359011046588420868e-02
1.358903106302022934e-02
1.359794102609157562e-02
1.361337862908840179e-02
1.363029982894659042e-02
1.364920288324356079e-02
1.367222610861063004e-02
1.369671616703271866e-02
1.372672803699970245e-02
1.377308368682861328e-02
1.383580546826124191e-02
1.391371712088584900e-02
1.403182838112115860e-02
1.417357567697763443e-02
1.437975373119115829e-02
1.460716221481561661e-02
1.494634803384542465e-02
1.529987342655658722e-02
1.584894582629203796e-02
1.638970896601676941e-02
1.717160083353519440e-02
1.789838634431362152e-02
1.906348392367362976e-02
1.991397701203823090e-02
2.126998268067836761e-02
2.196603454649448395e-02
2.323918975889682770e-02
2.352456562221050262e-02
2.407509274780750275e-02
2.287362329661846161e-02
2.161220461130142212e-02
1.921891234815120697e-02
1.721990108489990234e-02
1.534869987517595291e-02
1.412337832152843475e-02
1.352769508957862854e-02
1.348167657852172852e-02
1.384401228278875351e-02
1.446955371648073196e-02
1.521473936736583710e-02
1.585666835308074951e-02
1.643692329525947571e-02
1.658454537391662598e-02
1.670123822987079620e-02
1.637735776603221893e-02
1.602349802851676941e-02
1.545216049998998642e-02
1.497157104313373566e-02
1.445501670241355896e-02
1.404386572539806366e-02
1.372169237583875656e-02
1.350805629044771194e-02
1.339545473456382751e-02
1.335939764976501465e-02
1.338401529937982559e-02
1.345394831150770187e-02
1.355530694127082825e-02
1.366999465972185135e-02
1.379578933119773865e-02
1.391416415572166443e-02
1.404007058590650558e-02
1.415878906846046448e-02
1.429188903421163559e-02
1.441426668316125870e-02
1.456222217530012131e-02
1.466414239257574081e-02
1.478222291916608810e-02
1.483346708118915558e-02
1.495569106191396713e-02
1.499636843800544739e-02
1.516493875533342361e-02
1.526315044611692429e-02
1.551144290715456009e-02
1.566847413778305054e-02
1.604667678475379944e-02
1.634445227682590485e-02
1.691990345716476440e-02
1.740304380655288696e-02
1.816510222852230072e-02
1.844707317650318146e-02
1.889553479850292206e-02
1.872903108596801758e-02
1.870335452258586884e-02
1.806454174220561981e-02
1.762602105736732483e-02
1.686685718595981598e-02
1.629750989377498627e-02
1.555648166686296463e-02
1.496511511504650116e-02
1.436543464660644531e-02
1.392951235175132751e-02
1.357591710984706879e-02
1.335704792290925980e-02
1.322973798960447311e-02
1.318225450813770294e-02
1.319136843085289001e-02
1.324807200580835342e-02
1.334060076624155045e-02
1.345809362828731537e-02
1.359833125025033951e-02
1.376291364431381226e-02
1.395830139517784119e-02
1.418614108115434647e-02
1.443432271480560303e-02
1.469539757817983627e-02
1.500569749623537064e-02
1.525639835745096207e-02
1.561530027538537979e-02
1.582378335297107697e-02
1.614111475646495819e-02
1.628216728568077087e-02
1.664105243980884552e-02
1.676782406866550446e-02
1.714474149048328400e-02
1.723493449389934540e-02
1.758947782218456268e-02
1.761093176901340485e-02
1.791366562247276306e-02
1.784121803939342499e-02
1.810458302497863770e-02
1.796632818877696991e-02
1.815676502883434296e-02
1.792769320309162140e-02
1.796055026352405548e-02
1.758029311895370483e-02
1.745402067899703979e-02
1.697471924126148224e-02
1.672187633812427521e-02
1.611245051026344299e-02
1.553821563720703125e-02
1.476988755166530609e-02
1.413805317133665085e-02
1.359685789793729782e-02
1.324281375855207443e-02
1.306056790053844452e-02
1.300842594355344772e-02
1.305316295474767685e-02
1.317612454295158386e-02
1.335362158715724945e-02
1.355839334428310394e-02
1.379066053777933121e-02
1.402049511671066284e-02
1.428812276571989059e-02
1.452372595667839050e-02
1.482227537781000137e-02
1.503420528024435043e-02
1.534016150981187820e-02
1.548179239034652710e-02
1.571070775389671326e-02
1.574557460844516754e-02
1.593083329498767853e-02
1.593459770083427429e-02
1.618111506104469299e-02
1.615633629262447357e-02
1.623944565653800964e-02
1.599096879363059998e-02
1.577761583030223846e-02
1.532293390482664108e-02
1.492902543395757675e-02
1.442322693765163422e-02
1.403959468007087708e-02
1.369098946452140808e-02
1.342896837741136551e-02
1.323227211833000183e-02
1.309972163289785385e-02
1.301291026175022125e-02
1.295549981296062469e-02
1.292000804096460342e-02
1.289481297135353088e-02
1.287514436990022659e-02
1.286268141120672226e-02
1.285373698920011520e-02
1.284677162766456604e-02
1.284053828567266464e-02
1.283526420593261719e-02
1.283079013228416443e-02
1.282699685543775558e-02
1.282491255551576614e-02
1.282456703484058380e-02
1.282874587923288345e-02
1.283866725862026215e-02
1.286110188812017441e-02
1.289756968617439270e-02
1.295061875134706497e-02
1.303212437778711319e-02
1.314932014793157578e-02
1.334475725889205933e-02
1.363277714699506760e-02
1.408722996711730957e-02
1.472648419439792633e-02
1.576631702482700348e-02
1.702143065631389618e-02
1.916852779686450958e-02
2.164825052022933960e-02
2.578551881015300751e-02
2.982685156166553497e-02
3.685553371906280518e-02
4.143609851598739624e-02
4.926601424813270569e-02
4.912118986248970032e-02
4.972796142101287842e-02
3.954321146011352539e-02
2.931849658489227295e-02
1.822220347821712494e-02
1.297881919890642166e-02
1.442494057118892670e-02
1.972895301878452301e-02
2.493649907410144806e-02
2.518293447792530060e-02
2.217664755880832672e-02
1.660737954080104828e-02
1.314551290124654770e-02
1.330588478595018387e-02
1.597834751009941101e-02
1.869831047952175140e-02
1.890293881297111511e-02
1.718016155064105988e-02
1.441691629588603973e-02
1.285018678754568100e-02
1.308401115238666534e-02
1.452738046646118164e-02
1.587243005633354187e-02
1.597630046308040619e-02
1.495861634612083435e-02
1.355722732841968536e-02
1.276171207427978516e-02
1.289856992661952972e-02
1.367616001516580582e-02
1.439994387328624725e-02
1.435897219926118851e-02
1.380380708724260330e-02
1.307135447859764099e-02
1.268171891570091248e-02
1.274355035275220871e-02
1.308678090572357178e-02
1.343064662069082260e-02
1.350815221667289734e-02
1.330016460269689560e-02
1.295981090515851974e-02
1.269380282610654831e-02
1.261687651276588440e-02
1.271467749029397964e-02
1.287832669913768768e-02
1.300731021910905838e-02
1.303621008992195129e-02
1.292125694453716278e-02
1.275421492755413055e-02
1.262722630053758621e-02
1.257251109927892685e-02
1.258387882262468338e-02
1.264362037181854248e-02
1.270430441945791245e-02
1.271935924887657166e-02
1.268429867923259735e-02
1.263167057186365128e-02
1.257514581084251404e-02
1.253804843872785568e-02
1.253208890557289124e-02
1.255263574421405792e-02
1.259256061166524887e-02
1.262539252638816833e-02
1.262440718710422516e-02
1.260613463819026947e-02
1.258027367293834686e-02
1.255250349640846252e-02
1.252907142043113708e-02
1.250849477946758270e-02
1.249135937541723251e-02
1.248190365731716156e-02
1.248022913932800293e-02
1.248518750071525574e-02
1.249408721923828125e-02
1.251230388879776001e-02
1.253127958625555038e-02
1.253716275095939636e-02
1.253501232713460922e-02
1.253470499068498611e-02
1.253180392086505890e-02
1.252931728959083557e-02
1.251691207289695740e-02
1.249194983392953873e-02
1.246574055403470993e-02
1.244246866554021835e-02
1.242850534617900848e-02
1.241910830140113831e-02
1.241552270948886871e-02
1.241076830774545670e-02
1.240452937781810760e-02
1.239994075149297714e-02
1.239918451756238937e-02
1.239371020346879959e-02
1.239361520856618881e-02
1.239511184394359589e-02
1.239552628248929977e-02
1.239715795964002609e-02
1.240275613963603973e-02
1.241716183722019196e-02
1.243744045495986938e-02
1.245706900954246521e-02
1.247478183358907700e-02
1.250097434967756271e-02
1.252652984112501144e-02
1.257037743926048279e-02
1.260733231902122498e-02
1.262723188847303391e-02
1.263201888650655746e-02
1.261919736862182617e-02
1.260295044630765915e-02
1.257308945059776306e-02
1.253898907452821732e-02
1.249864697456359863e-02
1.245589088648557663e-02
1.240886282175779343e-02
1.236857566982507706e-02
1.233901176601648331e-02
1.231685280799865723e-02
1.230040472000837326e-02
1.228850241750478745e-02
1.228072959929704666e-02
1.227635331451892853e-02
1.227491255849599838e-02
1.227701082825660706e-02
1.228406745940446854e-02
1.229396089911460876e-02
1.230692211538553238e-02
1.232621539384126663e-02
1.235466264188289642e-02
1.240471191704273224e-02
1.246636640280485153e-02
1.254452113062143326e-02
1.263854186981916428e-02
1.275585405528545380e-02
1.290202140808105469e-02
1.309034414589405060e-02
1.333105377852916718e-02
1.359059754759073257e-02
1.393240038305521011e-02
1.423531770706176758e-02
1.468926202505826950e-02
1.506771706044673920e-02
1.562850736081600189e-02
1.608158275485038757e-02
1.692966744303703308e-02
1.762507297098636627e-02
1.888758689165115356e-02
1.980047300457954407e-02
2.134787850081920624e-02
2.221967466175556183e-02
2.370849996805191040e-02
2.396476268768310547e-02
2.469199150800704956e-02
2.370618842542171478e-02
2.291608601808547974e-02
2.041486278176307678e-02
1.786036416888237000e-02
1.502741966396570206e-02
1.313538383692502975e-02
1.223612204194068909e-02
1.226677745580673218e-02
1.296394597738981247e-02
1.396200619637966156e-02
1.491461135447025299e-02
1.531160902231931686e-02
1.530505623668432236e-02
1.467345468699932098e-02
1.391258370131254196e-02
1.305257435888051987e-02
1.244241651147603989e-02
1.214329432696104050e-02
1.213600300252437592e-02
1.234061084687709808e-02
1.263223588466644287e-02
1.290473435074090958e-02
1.307973638176918030e-02
1.313680596649646759e-02
1.304817479103803635e-02
1.286398340016603470e-02
1.263298653066158295e-02
1.240370795130729675e-02
1.221192814409732819e-02
1.209304295480251312e-02
1.205064449459314346e-02
1.207521464675664902e-02
1.214255578815937042e-02
1.224363036453723907e-02
1.234693173319101334e-02
1.244904845952987671e-02
1.253290008753538132e-02
1.259337458759546280e-02
1.261622458696365356e-02
1.260889880359172821e-02
1.256996113806962967e-02
1.251388154923915863e-02
1.244070101529359818e-02
1.237246394157409668e-02
1.229423284530639648e-02
1.221794821321964264e-02
1.214940659701824188e-02
1.210234966129064560e-02
1.206240709871053696e-02
1.203139033168554306e-02
1.200629211962223053e-02
1.198828872293233871e-02
1.197530049830675125e-02
1.196528691798448563e-02
1.195797789841890335e-02
1.195155922323465347e-02
1.194505114108324051e-02
1.194015704095363617e-02
1.193574629724025726e-02
1.193102914839982986e-02
1.192690525203943253e-02
1.192334014922380447e-02
1.191930938512086868e-02
1.191491726785898209e-02
1.191142946481704712e-02
1.190825831145048141e-02
1.190560590475797653e-02
1.190570555627346039e-02
1.190559845417737961e-02
1.190909650176763535e-02
1.192316692322492599e-02
1.195053942501544952e-02
1.200205646455287933e-02
1.208487059921026230e-02
1.221689675003290176e-02
1.240906678140163422e-02
1.265501510351896286e-02
1.300077792257070541e-02
1.337066385895013809e-02
1.386180426925420761e-02
1.436971407383680344e-02
1.511279866099357605e-02
1.586887240409851074e-02
1.705061458051204681e-02
1.813912205398082733e-02
1.998580619692802429e-02
2.130839414894580841e-02
2.360224351286888123e-02
2.465152740478515625e-02
2.665847353637218475e-02
2.658863365650177002e-02
2.720431983470916748e-02
2.515827305614948273e-02
2.343863435089588165e-02
1.989330723881721497e-02
1.697520911693572998e-02
1.410416327416896820e-02
1.237335242331027985e-02
1.180625893175601959e-02
1.221919152885675430e-02
1.326116360723972321e-02
1.442610844969749451e-02
1.533595845103263855e-02
1.528792176395654678e-02
1.474862918257713318e-02
1.373366825282573700e-02
1.275582239031791687e-02
1.204680744558572769e-02
1.177168171852827072e-02
1.187254581600427628e-02
1.222141180187463760e-02
1.262984331697225571e-02
1.291071996092796326e-02
1.300423871725797653e-02
1.284824032336473465e-02
1.256640441715717316e-02
1.219706237316131592e-02
1.190899126231670380e-02
1.175914611667394638e-02
1.171995606273412704e-02
1.177423354238271713e-02
1.190526876598596573e-02
1.207309775054454803e-02
1.219396665692329407e-02
1.227986812591552734e-02
1.226424705237150192e-02
1.220659911632537842e-02
1.206693798303604126e-02
1.192897092550992966e-02
1.180404517799615860e-02
1.171789783984422684e-02
1.167355291545391083e-02
1.166772563010454178e-02
1.169066410511732101e-02
1.173075567930936813e-02
1.177308429032564163e-02
1.180876791477203369e-02
1.183600444346666336e-02
1.184354443103075027e-02
1.183725800365209579e-02
1.181465014815330505e-02
1.179134380072355270e-02
1.175677962601184845e-02
1.172410789877176285e-02
1.169183757156133652e-02
1.166711933910846710e-02
1.165371295064687729e-02
1.164252962917089462e-02
1.162991486489772797e-02
1.161963399499654770e-02
1.161422021687030792e-02
1.161114592105150223e-02
1.160646323114633560e-02
1.160183921456336975e-02
1.159862056374549866e-02
1.159383449703454971e-02
1.158871222287416458e-02
1.158357877284288406e-02
1.157778687775135040e-02
1.157224830240011215e-02
1.156773883849382401e-02
1.156342588365077972e-02
1.155935879796743393e-02
1.155594084411859512e-02
1.155206095427274704e-02
1.154956687241792679e-02
1.154769491404294968e-02
1.154636871069669724e-02
1.154714543372392654e-02
1.154864020645618439e-02
1.155151147395372391e-02
1.155591849237680435e-02
1.155521068722009659e-02
1.155442465096712112e-02
1.156181283295154572e-02
1.157479081302881241e-02
1.159540470689535141e-02
1.162799634039402008e-02
1.167309936136007309e-02
1.173328142613172531e-02
1.177984010428190231e-02
1.184778567403554916e-02
1.191233098506927490e-02
1.200743578374385834e-02
1.209801807999610901e-02
1.223420444875955582e-02
1.237236429005861282e-02
1.260124985128641129e-02
1.286122296005487442e-02
1.328589860349893570e-02
1.380734704434871674e-02
1.463939156383275986e-02
1.547410339117050171e-02
1.684812642633914948e-02
1.825204305350780487e-02
2.099630981683731079e-02
2.340433187782764435e-02
2.804923802614212036e-02
3.076746128499507904e-02
3.600926697254180908e-02
3.673518449068069458e-02
3.935929387807846069e-02
3.371957316994667053e-02
2.799611724913120270e-02
1.892797835171222687e-02
1.308904215693473816e-02
1.147022936493158340e-02
1.371555309742689133e-02
1.786128059029579163e-02
2.035739645361900330e-02
2.082398347556591034e-02
1.765331812202930450e-02
1.422245148569345474e-02
1.182134170085191727e-02
1.153348013758659363e-02
1.292682997882366180e-02
1.467421092092990875e-02
1.573027297854423523e-02
1.508575864136219025e-02
1.366415526717901230e-02
1.210096199065446854e-02
1.137070357799530029e-02
1.166729256510734558e-02
1.246482040733098984e-02
1.315587013959884644e-02
1.320215128362178802e-02
1.271486841142177582e-02
1.190050318837165833e-02
1.138676516711711884e-02
1.136304810643196106e-02
1.170929800719022751e-02
1.209536287933588028e-02
1.216815039515495300e-02
1.196886971592903137e-02
1.160087436437606812e-02
1.133117359131574631e-02
1.129274349659681320e-02
1.143653225153684616e-02
1.161906216293573380e-02
1.167759858071804047e-02
1.160576380789279938e-02
1.146647613495588303e-02
1.133006811141967773e-02
1.124755293130874634e-02
1.125496346503496170e-02
1.131092291325330734e-02
1.137735135853290558e-02
1.140586566179990768e-02
1.138638891279697418e-02
1.132439728826284409e-02
1.125372108072042465e-02
1.120608579367399216e-02
1.120856404304504395e-02
1.123046875000000000e-02
1.125544123351573944e-02
1.127233263105154037e-02
1.125971879810094833e-02
1.123346947133541107e-02
1.120777614414691925e-02
1.117625553160905838e-02
1.116363797336816788e-02
1.115442253649234772e-02
1.116316020488739014e-02
1.116861496120691299e-02
1.117482874542474747e-02
1.117408927530050278e-02
1.116628851741552353e-02
1.115561556071043015e-02
1.113859750330448151e-02
1.112730428576469421e-02
1.111268345266580582e-02
1.110478769987821579e-02
1.109813805669546127e-02
1.109584420919418335e-02
1.109468471258878708e-02
1.109269447624683380e-02
1.109129004180431366e-02
1.108632236719131470e-02
1.108126994222402573e-02
1.107379049062728882e-02
1.106663979589939117e-02
1.105784531682729721e-02
1.105092465877532959e-02
1.104455348104238510e-02
1.103905308991670609e-02
1.103424187749624252e-02
1.102952007204294205e-02
1.102566719055175781e-02
1.102116797119379044e-02
1.101711113005876541e-02
1.101218629628419876e-02
1.100770197808742523e-02
1.100312266498804092e-02
1.099906582385301590e-02
1.099502388387918472e-02
1.099119894206523895e-02
1.098803244531154633e-02
1.098484918475151062e-02
1.098219491541385651e-02
1.097948849201202393e-02
1.097712945193052292e-02
1.097505725920200348e-02
1.097387634217739105e-02
1.097215060144662857e-02
1.097116433084011078e-02
1.097010727971792221e-02
1.096961554139852524e-02
1.096947304904460907e-02
1.097000669687986374e-02
1.097271684557199478e-02
1.097652781754732132e-02
1.098377443850040436e-02
1.100268494337797165e-02
1.102832052856683731e-02
1.107258815318346024e-02
1.113781891763210297e-02
1.126335933804512024e-02
1.149921771138906479e-02
1.175443269312381744e-02
1.218093838542699814e-02
1.252212747931480408e-02
1.303157862275838852e-02
1.342238578945398331e-02
1.401927601546049118e-02
1.438216865062713623e-02
1.492124330252408981e-02
1.507173758000135422e-02
1.528452150523662567e-02
1.471025962382555008e-02
1.428575906902551651e-02
1.332283206284046173e-02
1.263964362442493439e-02
1.191615685820579529e-02
1.144686061888933182e-02
1.107676140964031219e-02
1.086521614342927933e-02
1.082457974553108215e-02
1.088661514222621918e-02
1.104286871850490570e-02
1.116896793246269226e-02
1.132205221801996231e-02
1.138770300894975662e-02
1.146254502236843109e-02
1.147422753274440765e-02
1.149163953959941864e-02
1.143189147114753723e-02
1.139053236693143845e-02
1.130648143589496613e-02
1.124450471252202988e-02
1.114075351506471634e-02
1.106272730976343155e-02
1.094882283359766006e-02
1.088283117860555649e-02
1.080329436808824539e-02
1.075761672109365463e-02
1.072662975639104843e-02
1.071529742330312729e-02
1.071229297667741776e-02
1.071784365922212601e-02
1.073485333472490311e-02
1.074783597141504288e-02
1.075526792556047440e-02
1.078476198017597198e-02
1.083505153656005859e-02
1.087996829301118851e-02
1.089544128626585007e-02
1.094881631433963776e-02
1.106945425271987915e-02
1.114935521036386490e-02
1.128266844898462296e-02
1.142970845103263855e-02
1.191696897149085999e-02
1.220979914069175720e-02
1.297644525766372681e-02
1.356699783354997635e-02
1.507544517517089844e-02
1.641335897147655487e-02
1.868799515068531036e-02
2.006584219634532928e-02
2.232174575328826904e-02
2.284793742001056671e-02
2.440533041954040527e-02
2.371093817055225372e-02
2.368253655731678009e-02
2.069580741226673126e-02
1.822309195995330811e-02
1.516481488943099976e-02
1.231766957789659500e-02
1.137402933090925217e-02
1.083005405962467194e-02
1.245931349694728851e-02
1.332053821533918381e-02
1.563956961035728455e-02
1.603291369974613190e-02
1.690321974456310272e-02
1.575333438813686371e-02
1.476488448679447174e-02
1.304491143673658371e-02
1.150347013026475906e-02
1.119479630142450333e-02
1.089750323444604874e-02
1.211748272180557251e-02
1.237927470356225967e-02
1.360592246055603027e-02
1.299292314797639847e-02
1.381126698106527328e-02
1.245279889553785324e-02
1.230130810290575027e-02
1.110002212226390839e-02
1.107714883983135223e-02
1.075736619532108307e-02
1.098459586501121521e-02
1.111969631165266037e-02
1.128447614610195160e-02
1.143042743206024170e-02
1.124557107686996460e-02
1.126827113330364227e-02
1.089348457753658295e-02
1.087106484919786453e-02
1.057784352451562881e-02
1.064017880707979202e-02
1.048388611525297165e-02
1.059834100306034088e-02
1.049505639821290970e-02
1.060480345040559769e-02
1.051025744527578354e-02
1.053412258625030518e-02
1.046561449766159058e-02
1.047247182577848434e-02
1.047462597489356995e-02
1.046269293874502182e-02
1.049726363271474838e-02
1.042536459863185883e-02
1.047872658818960190e-02
1.040600053966045380e-02
1.045684795826673508e-02
1.041868608444929123e-02
1.044108532369136810e-02
1.045908033847808838e-02
1.044806744903326035e-02
1.049068011343479156e-02
1.047428883612155914e-02
1.050373818725347519e-02
1.050336565822362900e-02
1.050306018441915512e-02
1.052972115576267242e-02
1.054248493164777756e-02
1.058741007000207901e-02
1.063433662056922913e-02
1.068036910146474838e-02
1.073833182454109192e-02
1.076235808432102203e-02
1.078886818140745163e-02
1.080549322068691254e-02
1.081218849867582321e-02
1.078135147690773010e-02
1.074465177953243256e-02
1.072659343481063843e-02
1.070200838148593903e-02
1.070317253470420837e-02
1.070345006883144379e-02
1.072879228740930557e-02
1.075929496437311172e-02
1.081672217696905136e-02
1.088795810937881470e-02
1.094291545450687408e-02
1.101486478000879288e-02
1.113079581409692764e-02
1.134802959859371185e-02
1.148845721036195755e-02
1.173706259578466415e-02
1.197066903114318848e-02
1.231112051755189896e-02
1.285637915134429932e-02
1.344035472720861435e-02
1.440228428691625595e-02
1.527145132422447205e-02
1.667613349854946136e-02
1.743751578032970428e-02
1.847239397466182709e-02
1.801154203712940216e-02
1.796795986592769623e-02
1.658823527395725250e-02
1.509413681924343109e-02
1.337167061865329742e-02
1.195514854043722153e-02
1.103711687028408051e-02
1.035415753722190857e-02
1.022236980497837067e-02
1.047637313604354858e-02
1.083804015070199966e-02
1.137018389999866486e-02
1.186939887702465057e-02
1.216873712837696075e-02
1.241384819149971008e-02
1.241506077349185944e-02
1.229746080935001373e-02
1.205573696643114090e-02
1.178269926458597183e-02
1.154560595750808716e-02
1.115699950605630875e-02
1.087581273168325424e-02
1.064055506139993668e-02
1.045204885303974152e-02
1.032066904008388519e-02
1.022884063422679901e-02
1.016644574701786041e-02
1.014765165746212006e-02
1.013645995408296585e-02
1.014208793640136719e-02
1.017146091908216476e-02
1.020802278071641922e-02
1.025989092886447906e-02
1.034818682819604874e-02
1.041937619447708130e-02
1.051054801791906357e-02
1.059627719223499298e-02
1.070347893983125687e-02
1.081813033670186996e-02
1.095875818282365799e-02
1.111858524382114410e-02
1.128660235553979874e-02
1.147042028605937958e-02
1.170708332210779190e-02
1.199419982731342316e-02
1.239047106355428696e-02
1.280120946466922760e-02
1.325061265379190445e-02
1.345124002546072006e-02
1.365885231643915176e-02
1.366203650832176208e-02
1.383003871887922287e-02
1.365540735423564911e-02
1.365484204143285751e-02
1.334877591580152512e-02
1.304209697991609573e-02
1.259587891399860382e-02
1.211075577884912491e-02
1.165064889937639236e-02
1.123726926743984222e-02
1.084787119179964066e-02
1.055565942078828812e-02
1.033939234912395477e-02
1.021428313106298447e-02
1.012053806334733963e-02
1.006658934056758881e-02
1.004221476614475250e-02
1.002914085984230042e-02
1.002540718764066696e-02
1.003101002424955368e-02
1.004348136484622955e-02
1.006562914699316025e-02
1.011440716683864594e-02
1.016176957637071609e-02
1.023116149008274078e-02
1.031526643782854080e-02
1.044868770986795425e-02
1.061624102294445038e-02
1.084785070270299911e-02
1.109153684228658676e-02
1.145363412797451019e-02
1.177447009831666946e-02
1.231392659246921539e-02
1.292131468653678894e-02
1.359376776963472366e-02
1.427543349564075470e-02
1.521118171513080597e-02
1.599032804369926453e-02
1.702370680868625641e-02
1.780707761645317078e-02
1.872072368860244751e-02
1.892799884080886841e-02
1.932218484580516815e-02
1.856071874499320984e-02
1.745131425559520721e-02
1.556502375751733780e-02
1.430344115942716599e-02
1.299632620066404343e-02
1.146354526281356812e-02
1.048111636191606522e-02
1.006796211004257202e-02
1.006897538900375366e-02
1.047979388386011124e-02
1.110494229942560196e-02
1.158313732594251633e-02
1.202553138136863708e-02
1.214938890188932419e-02
1.187165640294551849e-02
1.141025777906179428e-02
1.096061430871486664e-02
1.048733666539192200e-02
1.017473731189966202e-02
1.000284962356090546e-02
9.954575449228286743e-03
1.005605515092611313e-02
1.022304221987724304e-02
1.039175502955913544e-02
1.052301563322544098e-02
1.061003562062978745e-02
1.057771220803260803e-02
1.054087560623884201e-02
1.043769624084234238e-02
1.032584067434072495e-02
1.018158160150051117e-02
1.007061824202537537e-02
9.982931427657604218e-03
9.926618076860904694e-03
9.925091639161109924e-03
9.968042373657226562e-03
1.002071797847747803e-02
1.006532181054353714e-02
1.010405085980892181e-02
1.012135948985815048e-02
1.012029312551021576e-02
1.009905245155096054e-02
1.008279342204332352e-02
1.006699819117784500e-02
1.006297394633293152e-02
1.007293350994586945e-02
1.007642783224582672e-02
1.009671390056610107e-02
1.011924538761377335e-02
1.015090476721525192e-02
1.018337998539209366e-02
1.023822650313377380e-02
1.033248566091060638e-02
