4.299271583557128906e+00
4.299270629882812500e+00
4.299271583557128906e+00
4.299270153045654297e+00
4.299269676208496094e+00
4.299269676208496094e+00
4.299270629882812500e+00
4.299270153045654297e+00
4.299269676208496094e+00
4.299269676208496094e+00
4.299271583557128906e+00
4.299269676208496094e+00
4.299270153045654297e+00
4.299270629882812500e+00
4.299269676208496094e+00
4.299269676208496094e+00
4.299270153045654297e+00
4.299270629882812500e+00
4.299270153045654297e+00
4.299270153045654297e+00
4.299271583557128906e+00
4.299271583557128906e+00
4.299271583557128906e+00
4.299270629882812500e+00
4.299271583557128906e+00
4.299271583557128906e+00
4.299271583557128906e+00
4.299270629882812500e+00
4.299272060394287109e+00
4.299269676208496094e+00
4.299271583557128906e+00
4.299271583557128906e+00
4.299271583557128906e+00
4.299271583557128906e+00
4.299272537231445312e+00
4.299270629882812500e+00
4.299271583557128906e+00
4.299272537231445312e+00
4.299271583557128906e+00
4.299269676208496094e+00
4.299270153045654297e+00
4.299271583557128906e+00
4.299269676208496094e+00
4.299271583557128906e+00
4.299271583557128906e+00
4.299271583557128906e+00
4.299271583557128906e+00
4.299271583557128906e+00
4.299271583557128906e+00
4.299271583557128906e+00
4.299272537231445312e+00
4.299270629882812500e+00
4.299271583557128906e+00
4.299271583557128906e+00
4.299271583557128906e+00
4.299271106719970703e+00
4.299270629882812500e+00
4.299271583557128906e+00
4.299271583557128906e+00
4.299271583557128906e+00
4.299271583557128906e+00
4.299272537231445312e+00
4.299271583557128906e+00
4.299271583557128906e+00
4.299270629882812500e+00
4.299270629882812500e+00
4.299271583557128906e+00
4.299270629882812500e+00
4.299271583557128906e+00
4.299272537231445312e+00
4.299272537231445312e+00
4.299271106719970703e+00
4.299271583557128906e+00
4.299271583557128906e+00
4.299270153045654297e+00
4.299271583557128906e+00
4.299270629882812500e+00
4.299271583557128906e+00
4.299271583557128906e+00
4.299271583557128906e+00
4.299271583557128906e+00
4.299271583557128906e+00
4.299271583557128906e+00
4.299271583557128906e+00
4.299272537231445312e+00
4.299271583557128906e+00
4.299271583557128906e+00
4.299272537231445312e+00
4.299272060394287109e+00
4.299271583557128906e+00
4.299272537231445312e+00
4.299272537231445312e+00
4.299272537231445312e+00
4.299271583557128906e+00
4.299272060394287109e+00
4.299271583557128906e+00
4.299271583557128906e+00
4.299271583557128906e+00
4.299271583557128906e+00
4.299271583557128906e+00
4.299272537231445312e+00
4.299271583557128906e+00
4.299272060394287109e+00
4.299272537231445312e+00
4.299271583557128906e+00
4.299271583557128906e+00
4.299273490905761719e+00
4.299271583557128906e+00
4.299272537231445312e+00
4.299271583557128906e+00
4.299272537231445312e+00
4.299273490905761719e+00
4.299271583557128906e+00
4.299272537231445312e+00
4.299273490905761719e+00
4.299272537231445312e+00
4.299271583557128906e+00
4.299272060394287109e+00
4.299272060394287109e+00
4.299272537231445312e+00
4.299271583557128906e+00
4.299273490905761719e+00
4.299272537231445312e+00
4.299273490905761719e+00
4.299272537231445312e+00
4.299273490905761719e+00
4.299272537231445312e+00
4.299273490905761719e+00
4.299273490905761719e+00
4.299271583557128906e+00
4.299273490905761719e+00
4.299272060394287109e+00
4.299272060394287109e+00
4.299273490905761719e+00
4.299272537231445312e+00
4.299272537231445312e+00
4.299273490905761719e+00
4.299273490905761719e+00
4.299272537231445312e+00
4.299272537231445312e+00
4.299271583557128906e+00
4.299272537231445312e+00
4.299273490905761719e+00
4.299272537231445312e+00
4.299272537231445312e+00
4.299273490905761719e+00
4.299273490905761719e+00
4.299272537231445312e+00
4.299273490905761719e+00
4.299272537231445312e+00
4.299272537231445312e+00
4.299272537231445312e+00
4.299272537231445312e+00
4.299273490905761719e+00
4.299273490905761719e+00
4.299274444580078125e+00
4.299272537231445312e+00
4.299273490905761719e+00
4.299273490905761719e+00
4.299272537231445312e+00
4.299274444580078125e+00
4.299273967742919922e+00
4.299273490905761719e+00
4.299274444580078125e+00
4.299273490905761719e+00
4.299273490905761719e+00
4.299272537231445312e+00
4.299272537231445312e+00
4.299272537231445312e+00
4.299273490905761719e+00
4.299274444580078125e+00
4.299273490905761719e+00
4.299273490905761719e+00
4.299274444580078125e+00
4.299273490905761719e+00
4.299272060394287109e+00
4.299273490905761719e+00
4.299274444580078125e+00
4.299274444580078125e+00
4.299273490905761719e+00
4.299274444580078125e+00
4.299274444580078125e+00
4.299273490905761719e+00
4.299273490905761719e+00
4.299273490905761719e+00
4.299273490905761719e+00
4.299274444580078125e+00
4.299272537231445312e+00
4.299273490905761719e+00
4.299274444580078125e+00
4.299273490905761719e+00
4.299273490905761719e+00
4.299272537231445312e+00
4.299272537231445312e+00
4.299273490905761719e+00
4.299272537231445312e+00
4.299273490905761719e+00
4.299274444580078125e+00
4.299273490905761719e+00
4.299272537231445312e+00
4.299273490905761719e+00
4.299274444580078125e+00
4.299274921417236328e+00
4.299274444580078125e+00
4.299273490905761719e+00
4.299273490905761719e+00
4.299273490905761719e+00
4.299273490905761719e+00
4.299274444580078125e+00
4.299273490905761719e+00
4.299272537231445312e+00
4.299273490905761719e+00
4.299274444580078125e+00
4.299273490905761719e+00
4.299274444580078125e+00
4.299273490905761719e+00
4.299272537231445312e+00
4.299274444580078125e+00
4.299272537231445312e+00
4.299274444580078125e+00
4.299274444580078125e+00
4.299274444580078125e+00
4.299274444580078125e+00
4.299274444580078125e+00
4.299274444580078125e+00
4.299272537231445312e+00
4.299273967742919922e+00
4.299273490905761719e+00
4.299273490905761719e+00
4.299273490905761719e+00
4.299272537231445312e+00
4.299273490905761719e+00
4.299274444580078125e+00
4.299274444580078125e+00
4.299274444580078125e+00
4.299274444580078125e+00
4.299273490905761719e+00
4.299273490905761719e+00
4.299272537231445312e+00
4.299273490905761719e+00
4.299273490905761719e+00
4.299274444580078125e+00
4.299272537231445312e+00
4.299272537231445312e+00
4.299272537231445312e+00
4.299273490905761719e+00
4.299273490905761719e+00
4.299274444580078125e+00
4.299272537231445312e+00
4.299272537231445312e+00
4.299273490905761719e+00
4.299273490905761719e+00
4.299273490905761719e+00
4.299272537231445312e+00
4.299273490905761719e+00
4.299273490905761719e+00
4.299272537231445312e+00
4.299273490905761719e+00
4.299273490905761719e+00
4.299273967742919922e+00
4.299273490905761719e+00
4.299273490905761719e+00
4.299273490905761719e+00
4.299273490905761719e+00
4.299272537231445312e+00
4.299273967742919922e+00
4.299273490905761719e+00
4.299274444580078125e+00
4.299273490905761719e+00
4.299273490905761719e+00
4.299273967742919922e+00
4.299273490905761719e+00
4.299274444580078125e+00
4.299274921417236328e+00
4.299272537231445312e+00
4.299276351928710938e+00
4.299272537231445312e+00
4.299274444580078125e+00
4.299272537231445312e+00
4.299272537231445312e+00
4.299273490905761719e+00
4.299273490905761719e+00
4.299273490905761719e+00
4.299274444580078125e+00
4.299273490905761719e+00
4.299274444580078125e+00
4.299274921417236328e+00
4.299273967742919922e+00
4.299274444580078125e+00
4.299274444580078125e+00
4.299273490905761719e+00
4.299272537231445312e+00
4.299271583557128906e+00
4.299272537231445312e+00
4.299274444580078125e+00
4.299274444580078125e+00
4.299273490905761719e+00
4.299273490905761719e+00
4.299273967742919922e+00
4.299272537231445312e+00
4.299274921417236328e+00
4.299273490905761719e+00
4.299273490905761719e+00
4.299273490905761719e+00
4.299272537231445312e+00
4.299273490905761719e+00
4.299273490905761719e+00
4.299272537231445312e+00
4.299273967742919922e+00
4.299273490905761719e+00
4.299274444580078125e+00
4.299274444580078125e+00
4.299274921417236328e+00
4.299273490905761719e+00
4.299273490905761719e+00
4.299274444580078125e+00
4.299274444580078125e+00
4.299273490905761719e+00
4.299273967742919922e+00
4.299273490905761719e+00
4.299274444580078125e+00
4.299273490905761719e+00
4.299273490905761719e+00
4.299274444580078125e+00
4.299273490905761719e+00
4.299275398254394531e+00
4.299274921417236328e+00
4.299274444580078125e+00
4.299272537231445312e+00
4.299273490905761719e+00
4.299273490905761719e+00
4.299274444580078125e+00
4.299273490905761719e+00
4.299273490905761719e+00
4.299272537231445312e+00
4.299272537231445312e+00
4.299273490905761719e+00
4.299274444580078125e+00
4.299273490905761719e+00
4.299273490905761719e+00
4.299273490905761719e+00
4.299273967742919922e+00
4.299273967742919922e+00
4.299274444580078125e+00
4.299275398254394531e+00
4.299274921417236328e+00
4.299273490905761719e+00
4.299273490905761719e+00
4.299273490905761719e+00
4.299273490905761719e+00
4.299272537231445312e+00
4.299272537231445312e+00
4.299273490905761719e+00
4.299273490905761719e+00
4.299274444580078125e+00
4.299273490905761719e+00
4.299273490905761719e+00
4.299274444580078125e+00
4.299274444580078125e+00
4.299273490905761719e+00
4.299273967742919922e+00
4.299273490905761719e+00
4.299274444580078125e+00
4.299273490905761719e+00
4.299273490905761719e+00
4.299272537231445312e+00
4.299272060394287109e+00
4.299272537231445312e+00
4.299273490905761719e+00
4.299272537231445312e+00
4.299273490905761719e+00
4.299272537231445312e+00
4.299273490905761719e+00
4.299274921417236328e+00
4.299274444580078125e+00
4.299271583557128906e+00
4.299272537231445312e+00
4.299273490905761719e+00
4.299273490905761719e+00
4.299273490905761719e+00
4.299273490905761719e+00
4.299274444580078125e+00
4.299272537231445312e+00
4.299272537231445312e+00
4.299272537231445312e+00
4.299273490905761719e+00
4.299272537231445312e+00
4.299272537231445312e+00
4.299273490905761719e+00
4.299272537231445312e+00
4.299272537231445312e+00
4.299272537231445312e+00
4.299273490905761719e+00
4.299272537231445312e+00
4.299272537231445312e+00
4.299272537231445312e+00
4.299272537231445312e+00
4.299272537231445312e+00
4.299273490905761719e+00
4.299273490905761719e+00
4.299274444580078125e+00
4.299273490905761719e+00
4.299273490905761719e+00
4.299274444580078125e+00
4.299273967742919922e+00
4.299272537231445312e+00
4.299272537231445312e+00
4.299273490905761719e+00
4.299273490905761719e+00
4.299272537231445312e+00
4.299272537231445312e+00
4.299273490905761719e+00
4.299273490905761719e+00
4.299274444580078125e+00
4.299273490905761719e+00
4.299274444580078125e+00
4.299272537231445312e+00
4.299273490905761719e+00
4.299273967742919922e+00
4.299273967742919922e+00
4.299273490905761719e+00
4.299273967742919922e+00
4.299273490905761719e+00
4.299272060394287109e+00
4.299274444580078125e+00
4.299273490905761719e+00
4.299273490905761719e+00
4.299273490905761719e+00
4.299273490905761719e+00
4.299272537231445312e+00
4.299272537231445312e+00
4.299273490905761719e+00
4.299273490905761719e+00
4.299273490905761719e+00
4.299272537231445312e+00
4.299272537231445312e+00
4.299272537231445312e+00
4.299272537231445312e+00
4.299272537231445312e+00
4.299272537231445312e+00
4.299273490905761719e+00
4.299272537231445312e+00
4.299272537231445312e+00
4.299273490905761719e+00
4.299274444580078125e+00
4.299272537231445312e+00
4.299272537231445312e+00
4.299273490905761719e+00
4.299272537231445312e+00
4.299273490905761719e+00
4.299272537231445312e+00
4.299273490905761719e+00
4.299271583557128906e+00
4.299272537231445312e+00
4.299272537231445312e+00
4.299273490905761719e+00
4.299274444580078125e+00
4.299273967742919922e+00
4.299272060394287109e+00
4.299272537231445312e+00
4.299272537231445312e+00
4.299272060394287109e+00
4.299273967742919922e+00
4.299273490905761719e+00
4.299272537231445312e+00
4.299272537231445312e+00
4.299273490905761719e+00
4.299272537231445312e+00
4.299272537231445312e+00
4.299272537231445312e+00
4.299273490905761719e+00
4.299273490905761719e+00
4.299272060394287109e+00
4.299272537231445312e+00
4.299271583557128906e+00
4.299272537231445312e+00
4.299272537231445312e+00
4.299274444580078125e+00
4.299272537231445312e+00
4.299272060394287109e+00
4.299272537231445312e+00
4.299273490905761719e+00
4.299272537231445312e+00
4.299272537231445312e+00
4.299272537231445312e+00
4.299273490905761719e+00
4.299272537231445312e+00
4.299272537231445312e+00
4.299273490905761719e+00
4.299272060394287109e+00
4.299272537231445312e+00
4.299273490905761719e+00
4.299273490905761719e+00
4.299272537231445312e+00
4.299273490905761719e+00
4.299273967742919922e+00
4.299273490905761719e+00
4.299272537231445312e+00
4.299272537231445312e+00
4.299273490905761719e+00
4.299272537231445312e+00
4.299273490905761719e+00
4.299272537231445312e+00
4.299273490905761719e+00
4.299272537231445312e+00
4.299271583557128906e+00
4.299274444580078125e+00
4.299274444580078125e+00
4.299272537231445312e+00
4.299274444580078125e+00
4.299272537231445312e+00
4.299272537231445312e+00
4.299273490905761719e+00
4.299273490905761719e+00
4.299272537231445312e+00
4.299272537231445312e+00
4.299273490905761719e+00
4.299273490905761719e+00
4.299273490905761719e+00
4.299273490905761719e+00
4.299272537231445312e+00
4.299271583557128906e+00
4.299273490905761719e+00
4.299274444580078125e+00
4.299272537231445312e+00
4.299273490905761719e+00
4.299272537231445312e+00
4.299272537231445312e+00
4.299272537231445312e+00
4.299272537231445312e+00
4.299273490905761719e+00
4.299273490905761719e+00
4.299273490905761719e+00
4.299272537231445312e+00
4.299273490905761719e+00
4.299273490905761719e+00
4.299272537231445312e+00
4.299272537231445312e+00
4.299272537231445312e+00
4.299273490905761719e+00
4.299272537231445312e+00
4.299274444580078125e+00
4.299273490905761719e+00
4.299273967742919922e+00
4.299273490905761719e+00
4.299273490905761719e+00
4.299273490905761719e+00
4.299273490905761719e+00
4.299273490905761719e+00
4.299272537231445312e+00
4.299272537231445312e+00
4.299272537231445312e+00
4.299272537231445312e+00
4.299274444580078125e+00
4.299271583557128906e+00
4.299273490905761719e+00
4.299273490905761719e+00
4.299273490905761719e+00
4.299273490905761719e+00
4.299273490905761719e+00
