4.541015625000000000e-01
5.297851562500000000e-01
3.784179687500000000e-01
4.162597656250000000e-01
5.297851562500000000e-01
5.297851562500000000e-01
4.919433593750000000e-01
4.541015625000000000e-01
4.541015625000000000e-01
4.541015625000000000e-01
5.297851562500000000e-01
5.676269531250000000e-01
5.676269531250000000e-01
4.162597656250000000e-01
4.541015625000000000e-01
4.162597656250000000e-01
5.297851562500000000e-01
4.162597656250000000e-01
4.541015625000000000e-01
4.919433593750000000e-01
5.676269531250000000e-01
4.919433593750000000e-01
5.297851562500000000e-01
5.676269531250000000e-01
5.297851562500000000e-01
5.676269531250000000e-01
5.676269531250000000e-01
4.541015625000000000e-01
4.541015625000000000e-01
4.162597656250000000e-01
5.676269531250000000e-01
5.297851562500000000e-01
5.676269531250000000e-01
5.297851562500000000e-01
5.676269531250000000e-01
5.676269531250000000e-01
5.676269531250000000e-01
4.919433593750000000e-01
6.054687500000000000e-01
4.541015625000000000e-01
5.297851562500000000e-01
4.919433593750000000e-01
6.433105468750000000e-01
6.433105468750000000e-01
5.297851562500000000e-01
4.919433593750000000e-01
4.919433593750000000e-01
5.676269531250000000e-01
6.433105468750000000e-01
5.297851562500000000e-01
7.946777343750000000e-01
6.054687500000000000e-01
6.433105468750000000e-01
5.297851562500000000e-01
5.676269531250000000e-01
5.676269531250000000e-01
4.919433593750000000e-01
4.919433593750000000e-01
5.676269531250000000e-01
5.297851562500000000e-01
7.946777343750000000e-01
8.325195312500000000e-01
8.325195312500000000e-01
8.325195312500000000e-01
7.946777343750000000e-01
6.811523437500000000e-01
6.054687500000000000e-01
5.676269531250000000e-01
6.433105468750000000e-01
6.433105468750000000e-01
9.838867187500000000e-01
8.703613281250000000e-01
8.325195312500000000e-01
8.703613281250000000e-01
9.082031250000000000e-01
8.703613281250000000e-01
9.082031250000000000e-01
8.325195312500000000e-01
8.325195312500000000e-01
7.946777343750000000e-01
9.082031250000000000e-01
8.703613281250000000e-01
9.460449218750000000e-01
7.568359375000000000e-01
8.703613281250000000e-01
7.946777343750000000e-01
9.838867187500000000e-01
7.946777343750000000e-01
7.946777343750000000e-01
9.082031250000000000e-01
1.059570312500000000e+00
8.703613281250000000e-01
8.703613281250000000e-01
9.460449218750000000e-01
9.460449218750000000e-01
9.460449218750000000e-01
8.703613281250000000e-01
8.703613281250000000e-01
8.703613281250000000e-01
9.082031250000000000e-01
9.838867187500000000e-01
9.838867187500000000e-01
1.097412109375000000e+00
9.082031250000000000e-01
9.460449218750000000e-01
1.021728515625000000e+00
9.082031250000000000e-01
9.082031250000000000e-01
9.838867187500000000e-01
1.021728515625000000e+00
1.173095703125000000e+00
1.173095703125000000e+00
1.173095703125000000e+00
1.135253906250000000e+00
1.059570312500000000e+00
1.135253906250000000e+00
1.021728515625000000e+00
9.460449218750000000e-01
9.460449218750000000e-01
8.703613281250000000e-01
1.210937500000000000e+00
1.173095703125000000e+00
1.173095703125000000e+00
1.173095703125000000e+00
1.059570312500000000e+00
1.248779296875000000e+00
1.173095703125000000e+00
1.173095703125000000e+00
1.173095703125000000e+00
1.173095703125000000e+00
1.173095703125000000e+00
1.173095703125000000e+00
1.173095703125000000e+00
1.135253906250000000e+00
1.324462890625000000e+00
1.173095703125000000e+00
1.173095703125000000e+00
1.173095703125000000e+00
1.210937500000000000e+00
1.173095703125000000e+00
1.400146484375000000e+00
1.210937500000000000e+00
1.324462890625000000e+00
1.437988281250000000e+00
1.210937500000000000e+00
1.210937500000000000e+00
1.210937500000000000e+00
1.400146484375000000e+00
1.210937500000000000e+00
1.400146484375000000e+00
1.475830078125000000e+00
1.362304687500000000e+00
1.248779296875000000e+00
1.210937500000000000e+00
1.210937500000000000e+00
1.210937500000000000e+00
1.400146484375000000e+00
1.362304687500000000e+00
1.400146484375000000e+00
1.362304687500000000e+00
1.475830078125000000e+00
1.437988281250000000e+00
1.362304687500000000e+00
1.400146484375000000e+00
1.362304687500000000e+00
1.475830078125000000e+00
1.437988281250000000e+00
1.475830078125000000e+00
1.362304687500000000e+00
1.437988281250000000e+00
1.475830078125000000e+00
1.513671875000000000e+00
1.513671875000000000e+00
1.437988281250000000e+00
1.475830078125000000e+00
1.475830078125000000e+00
1.362304687500000000e+00
1.475830078125000000e+00
1.324462890625000000e+00
1.437988281250000000e+00
1.892089843750000000e+00
1.513671875000000000e+00
1.475830078125000000e+00
1.475830078125000000e+00
1.437988281250000000e+00
1.437988281250000000e+00
1.702880859375000000e+00
1.475830078125000000e+00
1.437988281250000000e+00
1.475830078125000000e+00
1.740722656250000000e+00
1.816406250000000000e+00
1.475830078125000000e+00
1.854248046875000000e+00
1.475830078125000000e+00
1.740722656250000000e+00
1.475830078125000000e+00
1.475830078125000000e+00
1.475830078125000000e+00
1.816406250000000000e+00
1.854248046875000000e+00
1.437988281250000000e+00
1.475830078125000000e+00
1.513671875000000000e+00
1.740722656250000000e+00
1.854248046875000000e+00
1.892089843750000000e+00
1.929931640625000000e+00
1.854248046875000000e+00
1.740722656250000000e+00
1.892089843750000000e+00
1.929931640625000000e+00
1.967773437500000000e+00
1.854248046875000000e+00
1.929931640625000000e+00
1.967773437500000000e+00
1.854248046875000000e+00
1.854248046875000000e+00
1.816406250000000000e+00
1.892089843750000000e+00
1.929931640625000000e+00
1.854248046875000000e+00
1.929931640625000000e+00
1.437988281250000000e+00
1.929931640625000000e+00
1.475830078125000000e+00
1.967773437500000000e+00
1.854248046875000000e+00
1.892089843750000000e+00
1.892089843750000000e+00
2.119140625000000000e+00
2.194824218750000000e+00
1.967773437500000000e+00
2.005615234375000000e+00
1.967773437500000000e+00
1.892089843750000000e+00
1.854248046875000000e+00
1.929931640625000000e+00
1.929931640625000000e+00
1.854248046875000000e+00
1.967773437500000000e+00
2.194824218750000000e+00
2.005615234375000000e+00
2.194824218750000000e+00
2.005615234375000000e+00
1.967773437500000000e+00
2.232666015625000000e+00
2.194824218750000000e+00
2.156982421875000000e+00
2.156982421875000000e+00
2.156982421875000000e+00
2.156982421875000000e+00
1.967773437500000000e+00
2.232666015625000000e+00
2.119140625000000000e+00
2.156982421875000000e+00
2.156982421875000000e+00
2.194824218750000000e+00
1.967773437500000000e+00
2.156982421875000000e+00
2.459716796875000000e+00
2.194824218750000000e+00
2.156982421875000000e+00
2.043457031250000000e+00
2.156982421875000000e+00
1.929931640625000000e+00
2.194824218750000000e+00
2.156982421875000000e+00
2.156982421875000000e+00
2.005615234375000000e+00
2.232666015625000000e+00
2.611083984375000000e+00
2.611083984375000000e+00
2.573242187500000000e+00
2.611083984375000000e+00
2.497558593750000000e+00
2.611083984375000000e+00
2.232666015625000000e+00
2.535400390625000000e+00
2.535400390625000000e+00
2.573242187500000000e+00
2.535400390625000000e+00
2.686767578125000000e+00
2.232666015625000000e+00
2.573242187500000000e+00
2.497558593750000000e+00
2.194824218750000000e+00
2.724609375000000000e+00
2.232666015625000000e+00
2.535400390625000000e+00
2.573242187500000000e+00
2.762451171875000000e+00
2.724609375000000000e+00
2.724609375000000000e+00
2.611083984375000000e+00
2.232666015625000000e+00
2.724609375000000000e+00
2.611083984375000000e+00
2.535400390625000000e+00
2.724609375000000000e+00
2.913818359375000000e+00
2.611083984375000000e+00
2.913818359375000000e+00
2.875976562500000000e+00
2.875976562500000000e+00
2.724609375000000000e+00
2.573242187500000000e+00
2.535400390625000000e+00
2.497558593750000000e+00
2.762451171875000000e+00
3.065185546875000000e+00
2.724609375000000000e+00
3.027343750000000000e+00
2.951660156250000000e+00
2.951660156250000000e+00
2.875976562500000000e+00
2.875976562500000000e+00
2.875976562500000000e+00
2.762451171875000000e+00
2.951660156250000000e+00
2.989501953125000000e+00
3.594970703125000000e+00
2.913818359375000000e+00
2.724609375000000000e+00
2.875976562500000000e+00
2.951660156250000000e+00
2.951660156250000000e+00
2.951660156250000000e+00
2.875976562500000000e+00
2.989501953125000000e+00
3.481445312500000000e+00
2.875976562500000000e+00
2.989501953125000000e+00
3.481445312500000000e+00
3.443603515625000000e+00
2.875976562500000000e+00
3.405761718750000000e+00
3.443603515625000000e+00
2.951660156250000000e+00
2.989501953125000000e+00
3.443603515625000000e+00
3.557128906250000000e+00
3.557128906250000000e+00
3.065185546875000000e+00
2.951660156250000000e+00
3.557128906250000000e+00
2.875976562500000000e+00
3.140869140625000000e+00
3.140869140625000000e+00
3.140869140625000000e+00
3.594970703125000000e+00
3.367919921875000000e+00
3.557128906250000000e+00
3.594970703125000000e+00
3.594970703125000000e+00
3.594970703125000000e+00
3.594970703125000000e+00
3.367919921875000000e+00
3.481445312500000000e+00
3.367919921875000000e+00
2.989501953125000000e+00
3.443603515625000000e+00
3.557128906250000000e+00
4.086914062500000000e+00
4.049072265625000000e+00
4.086914062500000000e+00
3.557128906250000000e+00
3.443603515625000000e+00
3.594970703125000000e+00
4.086914062500000000e+00
4.086914062500000000e+00
3.443603515625000000e+00
3.594970703125000000e+00
3.594970703125000000e+00
4.086914062500000000e+00
3.784179687500000000e+00
4.086914062500000000e+00
3.594970703125000000e+00
3.594970703125000000e+00
4.086914062500000000e+00
4.049072265625000000e+00
4.427490234375000000e+00
4.086914062500000000e+00
4.086914062500000000e+00
4.124755859375000000e+00
4.427490234375000000e+00
4.351806640625000000e+00
4.086914062500000000e+00
4.124755859375000000e+00
4.086914062500000000e+00
4.124755859375000000e+00
4.427490234375000000e+00
4.049072265625000000e+00
4.427490234375000000e+00
4.124755859375000000e+00
4.351806640625000000e+00
4.086914062500000000e+00
4.124755859375000000e+00
4.124755859375000000e+00
4.427490234375000000e+00
4.919433593750000000e+00
4.730224609375000000e+00
4.351806640625000000e+00
4.465332031250000000e+00
4.692382812500000000e+00
4.919433593750000000e+00
4.124755859375000000e+00
4.351806640625000000e+00
4.427490234375000000e+00
4.427490234375000000e+00
5.146484375000000000e+00
5.108642578125000000e+00
4.427490234375000000e+00
4.692382812500000000e+00
5.108642578125000000e+00
5.108642578125000000e+00
5.108642578125000000e+00
5.146484375000000000e+00
4.730224609375000000e+00
5.108642578125000000e+00
5.146484375000000000e+00
5.146484375000000000e+00
5.146484375000000000e+00
5.146484375000000000e+00
5.108642578125000000e+00
5.146484375000000000e+00
4.919433593750000000e+00
4.692382812500000000e+00
4.919433593750000000e+00
5.108642578125000000e+00
5.108642578125000000e+00
6.168212890625000000e+00
5.146484375000000000e+00
5.146484375000000000e+00
5.108642578125000000e+00
5.146484375000000000e+00
5.789794921875000000e+00
5.146484375000000000e+00
5.146484375000000000e+00
5.146484375000000000e+00
6.168212890625000000e+00
5.146484375000000000e+00
5.146484375000000000e+00
5.146484375000000000e+00
5.789794921875000000e+00
5.146484375000000000e+00
5.146484375000000000e+00
5.146484375000000000e+00
5.146484375000000000e+00
4.919433593750000000e+00
6.168212890625000000e+00
6.168212890625000000e+00
6.168212890625000000e+00
6.168212890625000000e+00
6.168212890625000000e+00
6.168212890625000000e+00
6.168212890625000000e+00
5.865478515625000000e+00
6.433105468750000000e+00
6.168212890625000000e+00
6.773681640625000000e+00
6.168212890625000000e+00
6.168212890625000000e+00
6.168212890625000000e+00
6.168212890625000000e+00
6.168212890625000000e+00
6.168212890625000000e+00
6.168212890625000000e+00
6.168212890625000000e+00
6.168212890625000000e+00
6.697998046875000000e+00
6.168212890625000000e+00
6.773681640625000000e+00
6.773681640625000000e+00
6.811523437500000000e+00
6.773681640625000000e+00
6.168212890625000000e+00
6.433105468750000000e+00
6.773681640625000000e+00
6.773681640625000000e+00
6.735839843750000000e+00
6.811523437500000000e+00
6.811523437500000000e+00
6.735839843750000000e+00
6.849365234375000000e+00
6.546630859375000000e+00
6.546630859375000000e+00
6.735839843750000000e+00
6.168212890625000000e+00
6.773681640625000000e+00
6.773681640625000000e+00
6.773681640625000000e+00
6.773681640625000000e+00
6.773681640625000000e+00
6.811523437500000000e+00
6.773681640625000000e+00
6.735839843750000000e+00
6.773681640625000000e+00
6.811523437500000000e+00
6.773681640625000000e+00
7.719726562500000000e+00
8.665771484375000000e+00
6.773681640625000000e+00
8.060302734375000000e+00
8.665771484375000000e+00
8.060302734375000000e+00
6.811523437500000000e+00
6.811523437500000000e+00
6.773681640625000000e+00
6.735839843750000000e+00
7.719726562500000000e+00
8.665771484375000000e+00
7.681884765625000000e+00
7.681884765625000000e+00
8.665771484375000000e+00
6.962890625000000000e+00
7.681884765625000000e+00
7.681884765625000000e+00
7.681884765625000000e+00
8.665771484375000000e+00
8.665771484375000000e+00
8.665771484375000000e+00
8.665771484375000000e+00
7.719726562500000000e+00
8.665771484375000000e+00
8.665771484375000000e+00
7.681884765625000000e+00
8.665771484375000000e+00
8.665771484375000000e+00
8.098144531250000000e+00
8.703613281250000000e+00
8.665771484375000000e+00
8.665771484375000000e+00
8.665771484375000000e+00
8.060302734375000000e+00
8.665771484375000000e+00
8.098144531250000000e+00
7.719726562500000000e+00
8.665771484375000000e+00
8.703613281250000000e+00
8.665771484375000000e+00
8.665771484375000000e+00
8.703613281250000000e+00
8.665771484375000000e+00
8.665771484375000000e+00
8.665771484375000000e+00
8.665771484375000000e+00
8.703613281250000000e+00
8.665771484375000000e+00
8.098144531250000000e+00
8.665771484375000000e+00
8.703613281250000000e+00
8.665771484375000000e+00
8.665771484375000000e+00
8.665771484375000000e+00
8.665771484375000000e+00
8.703613281250000000e+00
8.665771484375000000e+00
8.703613281250000000e+00
7.719726562500000000e+00
