4.729293100613685130e-01
5.297395794567774097e-01
3.785181080652721408e-01
4.161388944093251108e-01
5.297453205351323469e-01
5.296625872350981812e-01
4.916132586680816430e-01
4.726848790925262112e-01
4.541932893423453188e-01
4.542745126873078965e-01
5.485612735739684442e-01
5.674618911503060970e-01
5.673668088292848077e-01
3.974932502768929177e-01
4.354124529305938296e-01
4.349070855027656335e-01
5.485698682062551956e-01
4.350247365087606122e-01
4.727704087745484007e-01
4.730346282708752237e-01
5.678926304010057935e-01
4.922010734109239505e-01
5.296944393985029143e-01
5.487959839188345512e-01
5.486023758364320102e-01
5.488928156587270513e-01
5.488204967988273841e-01
4.727974243461930404e-01
4.727041284311733760e-01
4.352380350783191520e-01
5.489359465024834517e-01
5.485806455823881711e-01
5.488234362296002811e-01
5.297138723657255355e-01
6.050137337855718833e-01
5.678339218228570795e-01
5.673508198516541423e-01
4.918433921064450653e-01
6.053335171328386721e-01
4.541720721649196157e-01
5.299879284134725310e-01
4.919218000995828066e-01
6.621057320661156709e-01
6.245582405393201864e-01
5.296539609421802020e-01
4.918605498526197883e-01
4.732568067017335900e-01
5.675330293262477177e-01
6.434064117507662939e-01
5.485569818108986251e-01
7.945128346352973159e-01
5.867174505043859511e-01
6.619236381154979254e-01
5.485856067677625791e-01
5.674703364095129432e-01
5.672996103859703210e-01
4.916829680191770469e-01
5.106413339400293072e-01
5.861154513338492356e-01
5.298594653755618333e-01
7.944215241934428073e-01
8.700652980716845342e-01
8.508720856563601886e-01
8.136734401186732635e-01
8.134551315305620367e-01
6.999413520947911360e-01
6.056032757292312274e-01
5.678565485489722731e-01
6.244959320334815267e-01
6.434656304644774671e-01
9.840907908700741169e-01
8.702927129802456863e-01
8.328302986388852469e-01
8.517658551114923871e-01
9.081958115641790563e-01
8.702961922902078262e-01
9.081684691378505425e-01
8.512093106764381245e-01
8.327942878571207297e-01
8.135351314736825046e-01
9.831907589399813130e-01
8.891044800083950372e-01
9.458753290271075809e-01
7.753309811341975166e-01
8.514809164711806266e-01
8.134026787112289547e-01
9.651732411258814315e-01
8.134186699172022417e-01
8.135087446606223960e-01
9.080263307986962129e-01
9.842378872383253929e-01
8.888700544530064862e-01
8.700093858096220600e-01
9.085160731575623316e-01
9.649531890473191931e-01
9.276362916895583011e-01
8.890403174590709723e-01
8.892936851199300108e-01
8.892183492714187398e-01
9.080034342495040267e-01
9.652116851828196342e-01
9.841141498966153867e-01
1.059993699449621518e+00
9.082671996443921758e-01
9.462892472178562331e-01
1.002742779380639382e+00
9.081477396167407790e-01
9.080636619712625368e-01
9.839693816627818057e-01
1.059273041610981014e+00
1.097960022928947676e+00
1.098029125199988965e+00
1.135676694933422493e+00
1.097675044549012879e+00
1.059491594370365108e+00
1.098059325839861211e+00
1.059585107194896292e+00
9.457460177428813619e-01
9.273669809894624638e-01
8.706729844206967384e-01
1.229456649319039530e+00
1.172835198520848721e+00
1.172863366028495280e+00
1.173019960851671595e+00
1.022178925042890762e+00
1.230251230047227029e+00
1.173233061789368703e+00
1.154195959272690031e+00
1.172740553309412403e+00
1.172813508092178658e+00
1.172867850402139700e+00
1.173250876717792712e+00
1.173049647663393147e+00
1.116883083010178357e+00
1.268181730354398296e+00
1.191697076804539845e+00
1.154476901283346013e+00
1.135579398143503171e+00
1.248692206052409492e+00
1.173021387903093293e+00
1.400418216185131293e+00
1.248456298404844178e+00
1.324641380975912996e+00
1.324366085997410236e+00
1.286404034511078542e+00
1.286377782546791249e+00
1.248545514536606227e+00
1.324603178024831296e+00
1.248578628388790301e+00
1.343923190753077090e+00
1.419452638048161131e+00
1.305328812329307864e+00
1.286442621142696918e+00
1.285574538908573761e+00
1.305273463125650624e+00
1.267355501505888826e+00
1.305962181738606898e+00
1.324307050509484940e+00
1.325050541557871941e+00
1.268482906221909179e+00
1.513442106443823931e+00
1.382013042395009883e+00
1.324430132165064444e+00
1.362632184580302441e+00
1.343434598460645280e+00
1.438339177822734127e+00
1.437812045066971134e+00
1.363333156200217777e+00
1.324626512343423990e+00
1.324424651014179055e+00
1.488094442600564449e+00
1.494777871170158035e+00
1.569970348306134689e+00
1.438066875699639535e+00
1.438434787182945485e+00
1.464206127646585642e+00
1.362405390581216569e+00
1.457084561474604856e+00
1.343476474971968093e+00
1.419141685979193879e+00
1.798752349047915366e+00
1.626216083947770619e+00
1.569643138084627187e+00
1.626311505913321076e+00
1.551382208098703641e+00
1.438302784611175111e+00
1.627046875708535678e+00
1.381637958010840217e+00
1.438002641665414139e+00
1.588272211814485635e+00
1.741218640994754763e+00
1.646177614792960542e+00
1.645262568405094328e+00
1.854040261047799953e+00
1.464079748301354567e+00
1.627971771281481406e+00
1.646490980943501548e+00
1.626639671644481755e+00
1.476085374077161338e+00
1.704078727298239393e+00
1.872784308688701493e+00
1.425181813640599149e+00
1.457153490966051068e+00
1.626254793159252809e+00
1.665063739122654152e+00
1.853791045123817094e+00
1.948202919806875988e+00
1.911073065516344593e+00
1.853701912280337316e+00
1.734528728407745524e+00
1.892041623843418785e+00
1.911028933907557459e+00
2.005365673884917488e+00
1.873002584238745216e+00
1.986139356137039513e+00
2.005222626001294639e+00
1.673040252598807287e+00
1.873065475203835151e+00
1.749669388592151265e+00
1.872902967540390540e+00
1.948548943840614722e+00
1.854272603999016056e+00
2.024350474603668903e+00
1.687338416181691558e+00
1.873270832110796036e+00
1.665235438263853673e+00
1.911712863453059796e+00
1.854605088868566565e+00
1.873084749306892061e+00
1.873308372677835676e+00
1.987469798502168095e+00
2.118818001455664568e+00
2.006060697201267118e+00
2.043415794639519056e+00
2.024513712767320506e+00
1.854622839121023103e+00
1.910430151518744735e+00
1.838236093598268006e+00
1.911137712323689675e+00
1.929020949897402915e+00
2.043201218631513605e+00
2.062231807557373564e+00
2.043292065942031499e+00
2.100101924652743257e+00
2.043213886280554892e+00
2.005385770349073393e+00
2.194481704621527030e+00
2.099774578745938314e+00
2.101236680148338642e+00
2.081854951510297536e+00
2.306750452683504982e+00
2.270846509709294470e+00
2.024385657024993179e+00
2.100264449804179367e+00
2.044095198964049231e+00
2.231497969710286799e+00
2.062728093115001382e+00
2.063311703111134765e+00
2.024138669256710266e+00
2.044201474984925770e+00
2.403340430622423529e+00
2.176205738444484172e+00
2.118306013447191827e+00
2.119100078857782954e+00
2.062694885147827062e+00
2.061705573007715397e+00
2.213643479920138990e+00
2.100412059240626128e+00
2.118934790428106396e+00
2.043741626310933590e+00
2.365083233236184856e+00
2.385755731791503464e+00
2.558448219443627103e+00
2.648699947265594989e+00
2.584579074223082529e+00
2.383463288684804837e+00
2.537235148529250139e+00
2.346281832921106592e+00
2.460477996913942089e+00
2.384622687466495083e+00
2.629976020654051894e+00
2.497297019565698495e+00
2.724252228028471112e+00
2.440263103382519283e+00
2.531349235093368399e+00
2.666794650146519619e+00
2.249865345067195044e+00
2.501018430529462933e+00
2.421381705511879812e+00
2.423077326358269001e+00
2.648394268590938960e+00
2.762821175916421623e+00
2.837787771176583540e+00
2.724657680899743806e+00
2.611692694885817456e+00
2.441404712167488444e+00
2.799575421665396746e+00
2.723711851597281797e+00
2.566133287672722751e+00
2.743386115365524347e+00
2.706001951923845628e+00
2.818475873631454576e+00
2.838431453319607112e+00
2.725287812707276380e+00
2.894232562020515598e+00
2.724618169508336241e+00
2.534858487182471976e+00
2.588982077542214988e+00
2.573602039585944024e+00
2.743410143749458019e+00
3.063315759883923572e+00
2.799792020688869787e+00
3.083846992139201770e+00
3.083476367549670805e+00
2.969699245413585764e+00
2.818385273855058326e+00
2.762861717893387858e+00
2.895143012894634271e+00
2.781472981600304095e+00
2.876571996452467861e+00
3.064752258792943884e+00
3.235807511446199047e+00
3.063565572285126937e+00
2.874672697498542817e+00
2.856707868662509586e+00
3.016815123442828206e+00
2.914289014166245195e+00
3.025962782195104950e+00
2.857067667654657139e+00
3.026039863738636093e+00
3.275276690622679787e+00
3.103022273080303428e+00
3.234514031077649676e+00
3.330957405637353208e+00
3.216336733847316331e+00
3.007791824186599516e+00
3.273155292036258768e+00
3.179554141531199196e+00
3.254004130257844629e+00
3.064805457679423917e+00
3.450686886245870166e+00
3.403958758264741924e+00
3.538017706251709971e+00
3.140637599030225768e+00
3.026447069769489850e+00
3.236749768420707163e+00
3.139662451178832914e+00
3.102910420104397105e+00
3.159197134119401618e+00
3.347513195430941835e+00
3.633036346933092631e+00
3.481551985136381422e+00
3.620546524209672157e+00
3.632585370548081283e+00
3.537695249191959768e+00
3.594077647669682296e+00
3.331695268988487779e+00
3.556660429420556824e+00
3.198121426379064047e+00
3.518485294753300963e+00
3.405016545183090937e+00
3.576761994099552755e+00
3.839279014147515046e+00
3.858901021122892239e+00
3.964112275896734428e+00
3.766104700155858964e+00
3.614636578271587908e+00
3.741132191553804276e+00
3.388293835951923239e+00
3.974354141817673991e+00
3.973764255653336352e+00
3.858158668810898195e+00
3.896480544861603779e+00
3.708562483722997793e+00
3.804477455175039324e+00
3.671409965685404231e+00
3.879041407324243629e+00
3.651457334633178231e+00
3.727630898053634123e+00
3.974330000384410422e+00
3.960462469691389042e+00
4.384644874350891897e+00
4.051735079020036601e+00
3.878612894193165683e+00
4.106829515275075337e+00
4.162023707475737133e+00
4.068869223238448463e+00
4.124345452975090254e+00
4.012422099221427452e+00
3.918614514668988136e+00
4.219336197004213140e+00
4.572018779511411779e+00
4.116109598354103838e+00
4.276623384483718482e+00
4.161208145850288531e+00
4.426139550910184184e+00
3.878886401724324529e+00
4.195687418543219138e+00
4.106137812483991567e+00
4.417137756013606698e+00
4.579713662832354260e+00
4.710457312442314581e+00
4.351756578821145638e+00
4.595748954928432717e+00
4.692145962353341027e+00
4.907149278651592006e+00
4.351264447264857615e+00
4.484008788144274504e+00
4.615967143366563441e+00
4.462962940787396526e+00
4.860914149021619224e+00
4.768802869824213531e+00
4.546031873821456237e+00
4.304757226351500599e+00
4.804810468960395653e+00
4.694132612372218460e+00
4.786621586700320563e+00
4.900629489550897055e+00
5.137264831894567507e+00
4.998208036198150239e+00
5.297689134948519118e+00
5.198059761398964973e+00
5.229414565447390473e+00
4.824353379452678503e+00
4.879716658398264073e+00
5.335880192248383835e+00
4.748802998352279481e+00
4.856538190550332423e+00
4.863495056188624766e+00
4.917918583896335960e+00
5.296838287220561270e+00
5.885328829103681159e+00
5.354789984740170539e+00
5.126801781819841253e+00
5.869311452176368071e+00
5.636276595466039652e+00
5.524495571300155561e+00
5.486349681048094062e+00
5.385004781213804215e+00
5.558002302920194815e+00
5.609461719973235283e+00
5.891568074579729419e+00
5.689807229401694144e+00
5.653745264300741091e+00
5.598848484517067625e+00
5.315575142440579270e+00
5.720474163015051516e+00
5.562291894327540120e+00
5.277893736494710275e+00
5.221291721815332743e+00
6.057109119207108705e+00
6.376019351740557006e+00
5.771137435246303404e+00
6.072515263467547442e+00
6.226863682474189865e+00
5.848805209186247467e+00
6.057101864563988691e+00
6.017761440191989664e+00
6.339173181499694110e+00
6.226588669334716997e+00
6.489216183023190254e+00
6.299642520822108516e+00
5.941359998237969009e+00
6.097507921504457862e+00
6.209337088572291385e+00
6.088173580989097999e+00
6.318769789613440047e+00
6.378842799281410514e+00
6.017856077242882407e+00
6.319653959122623732e+00
6.862383772496952083e+00
6.376697445425042687e+00
6.356298222630719863e+00
6.611870933964334895e+00
7.083309928812390410e+00
7.110238456824073516e+00
6.492974117833520964e+00
6.590656435148216197e+00
6.758685002231903383e+00
6.855248210214853977e+00
7.277852813726551240e+00
7.081402119385518112e+00
7.454212541849269513e+00
6.874576415472096080e+00
6.638827680626750549e+00
6.581840756203891196e+00
6.361537487090648035e+00
6.622099419688395550e+00
6.432926030418494534e+00
6.987125534777923086e+00
7.388801809810885857e+00
6.981231003301541449e+00
7.158881534314920358e+00
7.044803837527728874e+00
7.221312969460170983e+00
7.151544552441643887e+00
6.912356984550941164e+00
6.940511135975720336e+00
7.261307299378532143e+00
7.608137960003310774e+00
7.549341897706965732e+00
7.641832835531439549e+00
7.392233917862217396e+00
7.531613525232609518e+00
7.732709402643943797e+00
7.719148224880291842e+00
7.453253725098701210e+00
7.271456911945369583e+00
7.360678646485339094e+00
7.461975366522579201e+00
7.576738393387676851e+00
7.780492119568151566e+00
7.702879055762119620e+00
7.529802673647686184e+00
7.708927033803376183e+00
7.533725521950811022e+00
7.769476571296703327e+00
7.627247776171492077e+00
7.513118646452840999e+00
7.925599833329846078e+00
7.947242584198363602e+00
8.016060903396097004e+00
8.386944294772646913e+00
7.782549122922747920e+00
7.870241650049379700e+00
7.767470434002182955e+00
7.813312385714841213e+00
8.224007622244572602e+00
7.897107600833693120e+00
8.042239923235595001e+00
8.484869197876909297e+00
8.131570888194595170e+00
8.013616592659811744e+00
8.531268262117722045e+00
7.974035977558409982e+00
8.069479145728781333e+00
7.742479908263751653e+00
7.812925969950376803e+00
7.963931658097330057e+00
8.135566245860623269e+00
8.187079718271398576e+00
8.469475786207359747e+00
8.488362136084298015e+00
8.196306767898219547e+00
8.174869306971467964e+00
7.825692216043870886e+00
8.028090849702692822e+00
8.022417080805151812e+00
8.030881808654299903e+00
7.740328048931810478e+00
8.834459122951837884e+00
8.489303886806126798e+00
8.234615983874496337e+00
8.462408571394833601e+00
8.396069307525330316e+00
8.037888721391425406e+00
8.084711492546523104e+00
8.170963677002688996e+00
8.104787884291903666e+00
7.897674817747354581e+00
